1.260951467374477361e+05 7.527515114303582907e+07
1.392947391630933477e-03 1.208088171622140189e-01
1.392694833093499661e-03 7.767760929176120710e-02
1.061856564103982187e-03 7.757537735424258063e-02
1.051455438694184679e-03 7.756946886443266687e-02
1.051450435079467243e-03 7.657523621551606818e-02
1.045660614977510011e-03 7.624723545109461653e-02
1.041326321669354751e-03 7.505167289971322042e-02
1.033236195183555826e-03 7.477455562457847871e-02
1.029321305960951161e-03 7.476979846966201604e-02
1.026438899999112522e-03 7.395209368805044647e-02
1.026429570681275166e-03 7.380104369094921124e-02
1.021948076343366478e-03 7.379809712758503282e-02
1.019147984644370140e-03 7.159024488814812182e-02
9.998900567727809444e-04 7.101328132051182296e-02
9.878177178640314485e-04 6.872640951081440686e-02
9.827287402030542192e-04 6.776697727392801129e-02
9.821167950140930782e-04 6.744582115134019340e-02
9.773363081388031920e-04 6.710794041319402548e-02
9.773336925545125873e-04 6.699199411592138276e-02
9.764176554978951528e-04 6.665943793380725568e-02
9.632496789694013246e-04 6.292409535242794727e-02
9.629947778578173316e-04 6.291721517422942112e-02
9.396926223020708778e-04 5.491932149179490352e-02
9.375202119011081603e-04 5.321009558238968401e-02
9.365596399538547766e-04 5.148408016745880528e-02
9.334502329421786237e-04 5.145823761706045524e-02
9.291688227135519798e-04 4.898104667560133907e-02
9.275392178178215163e-04 4.452171593347706985e-02
9.266931709897286958e-04 3.896096728767602796e-02
9.257083874603678477e-04 3.895030334122086962e-02
9.244679837295091988e-04 3.691630034650352638e-02
9.218325544791488267e-04 3.203724037513096257e-02
9.216312774615047394e-04 2.783122036918148426e-02
9.176881921157171605e-04 2.762515125959686887e-02
9.175498660331468138e-04 2.733923166269671898e-02
9.169728162673197432e-04 2.727718465674270482e-02
9.163946290782470222e-04 2.707760204649205596e-02
9.161375399896199952e-04 2.707525621788016770e-02
9.160884272996715726e-04 2.667007422961583177e-02
9.143376096562875685e-04 2.666127385631604854e-02
9.131006130967929749e-04 2.665737055683727735e-02
9.125527170254481985e-04 2.650222028416370293e-02
9.111203082816328241e-04 2.648162014528147520e-02
9.111092929636597408e-04 2.620138059491419411e-02
9.109933771244429178e-04 2.620133703548848877e-02
9.109823927907254688e-04 2.620074802807865685e-02
9.104021499525587679e-04 2.609830020451449697e-02
9.103550869732231730e-04 2.608944878193757144e-02
9.102037709264005705e-04 2.601191437075188115e-02
9.101149048284274149e-04 2.567649604059149895e-02
9.090962423509985069e-04 2.560832892405382963e-02
9.090949721812257613e-04 2.510550994175401660e-02
9.090818332802637521e-04 2.498872269421633513e-02
9.080821523520172297e-04 2.497754175592706988e-02
9.077031477490941479e-04 2.436855900433614747e-02
9.066099208159455808e-04 2.411112759664296376e-02
9.057729516823934818e-04 2.371849051560123364e-02
9.052736363300834107e-04 2.343772646975698926e-02
9.051127324637373581e-04 2.341757137660845783e-02
9.044671559801759856e-04 2.341001677788482130e-02
9.039243122853533527e-04 2.331952193302107984e-02
9.028715046580848211e-04 2.331860184369957678e-02
9.023607088177764465e-04 2.324243816912461083e-02
9.023142597318920075e-04 2.296580718948242408e-02
9.017777658346384177e-04 2.296534535138947120e-02
9.012028175456724723e-04 2.280829528071613710e-02
9.011941428011838737e-04 2.275654372078479010e-02
9.011048202517404557e-04 2.271126114168874055e-02
8.996777936789871009e-04 2.270070746975789630e-02
8.993260451769493008e-04 2.269963958785602837e-02
8.992630614659851600e-04 2.263351808231648180e-02
8.990545049130742837e-04 2.239161550606068307e-02
8.989176851140488799e-04 2.226410524764889723e-02
8.988038115352036143e-04 2.221520020625748076e-02
8.986365385772509054e-04 2.211665823309151221e-02
8.982045986398440708e-04 2.203114093376697460e-02
8.971788201408315445e-04 2.201342303392108193e-02
8.970170564915198571e-04 2.200551616181095974e-02
8.968000832102334145e-04 2.182325133677398901e-02
8.967578758192130311e-04 2.182315435618771907e-02
8.966547357240237884e-04 2.182308409457834122e-02
8.953308538660467242e-04 2.166289963705433919e-02
8.945409424317819031e-04 2.165322682060985549e-02
8.944420348957326378e-04 2.163167273624808790e-02
8.923379738297087041e-04 2.155949983621911759e-02
8.896181748606379110e-04 2.153359125017323406e-02
8.896179122761791770e-04 2.149799080389825506e-02
8.882384462519979894e-04 2.148461917964362283e-02
8.881247546479133963e-04 2.138996381981807249e-02
8.871877276750048894e-04 2.134470213014572418e-02
8.866826419783312456e-04 2.134125213005430219e-02
8.855955416696190781e-04 2.134119801848149631e-02
8.848778682770557825e-04 2.133999839804248330e-02
8.829354418449055549e-04 2.124907614116545301e-02
8.829162031780466270e-04 2.124289836521571148e-02
8.809758548133188576e-04 2.114260379903785611e-02
8.809727200866694858e-04 2.113680823314666862e-02
8.735009042307955275e-04 2.107646154567555455e-02
8.704422389375013206e-04 2.105659028752406015e-02
8.704411927598726352e-04 2.088237612761468381e-02
8.702525689422359496e-04 2.087708072135082554e-02
8.691073828710436109e-04 2.081492549844129319e-02
8.689460738509006531e-04 2.080910051002735073e-02
8.689457383135158839e-04 2.078805669394146599e-02
8.688462817612510993e-04 2.075846929070685257e-02
8.687713508469222141e-04 2.075305843011912565e-02
8.683077878318903485e-04 2.074274101220253963e-02
8.676887936405814532e-04 2.070978184592863272e-02
8.674433944963663148e-04 2.058206220103918349e-02
8.664868078015182471e-04 2.057929586844983033e-02
8.637694374546336235e-04 2.050942118891131705e-02
8.637117310850298338e-04 2.050714244573092343e-02
8.630627610553929119e-04 2.050434740101404404e-02
8.630342081740858705e-04 2.049943056111930631e-02
8.624102862510976729e-04 2.049670340163006407e-02
8.616492252815340178e-04 2.048337199879794387e-02
8.616082805177640008e-04 2.048333034630703611e-02
8.615550642649826181e-04 2.047208118848888037e-02
8.607200960721189415e-04 2.046453457617734839e-02
8.605848177146654693e-04 2.046324903402955281e-02
8.603980416386180748e-04 2.046323558424415975e-02
8.602801810358708069e-04 2.044500053438657455e-02
8.595815027372260848e-04 2.044047287682294878e-02
8.584936653208147120e-04 2.043557593346673890e-02
8.556002286867875860e-04 2.031107742428563123e-02
8.548961316133148192e-04 2.029168728170125183e-02
8.544463108206483241e-04 2.029016476740280392e-02
8.542866860388003119e-04 2.028837753091573132e-02
8.541997449833867596e-04 2.028548925902920810e-02
8.527136266850226208e-04 2.018757904159822550e-02
8.517113343881010891e-04 2.018430225096363301e-02
8.495664988960972353e-04 2.017410905662710835e-02
8.493785187834188097e-04 2.014853550478284960e-02
8.489732637891131027e-04 2.014155143424628189e-02
8.489688624408657600e-04 2.014029188396194991e-02
8.489675083960179433e-04 2.013180435325913342e-02
8.489566052341373245e-04 2.013077516151143970e-02
8.480807936934494761e-04 2.004140429883959421e-02
8.480447682710080641e-04 2.003049755889508426e-02
8.479218452655703890e-04 1.998977665770673012e-02
8.477416328330425336e-04 1.998271707236057987e-02
8.477285934842631026e-04 1.997790454761656093e-02
8.475643867373145682e-04 1.997769787667620645e-02
8.470087142970630185e-04 1.997193815355392463e-02
8.466890142954367664e-04 1.997132372424247765e-02
8.458127541262420697e-04 1.996931168992618910e-02
8.457994771481195696e-04 1.996560307169844076e-02
8.452546369010314076e-04 1.988387577753419552e-02
8.452290140732293114e-04 1.988092936491696675e-02
8.427853526654671169e-04 1.986904449276489029e-02
8.425900303651688702e-04 1.986781193174091617e-02
8.423042531390575582e-04 1.986450925924519370e-02
8.422790636326771751e-04 1.984317995990846073e-02
8.422753445936354954e-04 1.984247896035031683e-02
8.422750523137933478e-04 1.983436907668627638e-02
8.413425599219423847e-04 1.982287967360187725e-02
8.413415488185381486e-04 1.981364080997171512e-02
8.410788837109549852e-04 1.980905866272023030e-02
8.406052750264974725e-04 1.980004577597253151e-02
8.405685966717342441e-04 1.978128070354253504e-02
8.401813608390385109e-04 1.976755602929874955e-02
8.401142954333480194e-04 1.976753816285716642e-02
8.400338148357595338e-04 1.976673289200961067e-02
8.396686300425519958e-04 1.975351806833180665e-02
8.396556160883817234e-04 1.971431186136413452e-02
8.390852513797600462e-04 1.968760226463230761e-02
8.371713590899135639e-04 1.964591718823751124e-02
8.333256218838003097e-04 1.961257054544473730e-02
8.321223507816733747e-04 1.957357292056624218e-02
8.318989903642293963e-04 1.957286088448166247e-02
8.315807236309268307e-04 1.956810442170131559e-02
8.307371069266750998e-04 1.950841923697306871e-02
8.286802362824279098e-04 1.946565236125665649e-02
8.284960603301256242e-04 1.946555715376636214e-02
8.280096319101656801e-04 1.946521203634541536e-02
8.278560418379300083e-04 1.945466437825628392e-02
8.278555346361092093e-04 1.945162220664827316e-02
8.276069180731633265e-04 1.943772910488029623e-02
8.275193817257349817e-04 1.942954106569504125e-02
8.273820844754908258e-04 1.942893041913301005e-02
8.273500254926070743e-04 1.942819739047174296e-02
8.272491519822979021e-04 1.942647469913884664e-02
8.272327144988400952e-04 1.942365167726343295e-02
8.262538122903661467e-04 1.941115636562271152e-02
8.260969146891295736e-04 1.940595728988894070e-02
8.260854309240781620e-04 1.940264208246488334e-02
8.260094950250533368e-04 1.939855764555503334e-02
8.258368826343937810e-04 1.938330188602786774e-02
8.255355473252303476e-04 1.938301325144824172e-02
8.254652431350583634e-04 1.938292442873439797e-02
8.247904305485945480e-04 1.935938189415650421e-02
8.241104748419270315e-04 1.934607032578890620e-02
8.241066597601343427e-04 1.934598353243034696e-02
8.240016434008794362e-04 1.934185740112195212e-02
8.235369934962862536e-04 1.934056866117628629e-02
8.235369809616245769e-04 1.934037907241216436e-02
8.228713630547369656e-04 1.932104510446811321e-02
8.223425746417669996e-04 1.932092915611785186e-02
8.221131592978271748e-04 1.931965701981745026e-02
8.217854133591779480e-04 1.931262530720557688e-02
8.213727280541644913e-04 1.931075008918152480e-02
8.211920657792558427e-04 1.930705710001463446e-02
8.210990778748391119e-04 1.930150424086044675e-02
8.208457594485558603e-04 1.928899263064963801e-02
8.208454404659085981e-04 1.928111920225063225e-02
8.207700450655528151e-04 1.926283652354994491e-02
8.203748358137014692e-04 1.924660952691911384e-02
8.201932040677169201e-04 1.924650787380828912e-02
8.201899983266199706e-04 1.923712361850188346e-02
8.201162519815604745e-04 1.923536626309460540e-02
8.193189922527657158e-04 1.923516200407568433e-02
8.192772878959250727e-04 1.921457319183451570e-02
8.191625410741012287e-04 1.921412879183510836e-02
8.189066998791870444e-04 1.921146676200376907e-02
8.189065783952416367e-04 1.920577327308416876e-02
8.186035473739162625e-04 1.919853835800776690e-02
8.185811393357126471e-04 1.918675664605623207e-02
8.178434773166203204e-04 1.916455415585846186e-02
8.177430379663147781e-04 1.915338814884780597e-02
8.177278660074798920e-04 1.915323793792450893e-02
8.176231653702831833e-04 1.915293104979342437e-02
8.176202106267052268e-04 1.915064061632123019e-02
8.176181359826731375e-04 1.913642137157137504e-02
8.166935472855169900e-04 1.907676628161912580e-02
8.166811694516718607e-04 1.907574320183835423e-02
8.163216386825345458e-04 1.906663705415120175e-02
8.158435460528165855e-04 1.904436948150554573e-02
8.154894444225277211e-04 1.904403352622756687e-02
8.154632139006028459e-04 1.904403095575386839e-02
8.154618624264657091e-04 1.904395575693940135e-02
8.153528847842304557e-04 1.903795470360177336e-02
8.152828150317068022e-04 1.903692638516743182e-02
8.152822818292332005e-04 1.903657942379646806e-02
8.147021077967839166e-04 1.902620077685006350e-02
8.146345656748214988e-04 1.902162135718902039e-02
8.145022664283153250e-04 1.901393547983663834e-02
8.144950970744298073e-04 1.901232951382376968e-02
8.141988079714055195e-04 1.900497281747946451e-02
8.141974763872439000e-04 1.899937969815663694e-02
8.141968159276336122e-04 1.899870056337830612e-02
8.140557029855815824e-04 1.898706275350325184e-02
8.139756944201228432e-04 1.898705826537932378e-02
8.139641214540890022e-04 1.898352823679938170e-02
8.138775942761781405e-04 1.898228690349332629e-02
8.138032576123922345e-04 1.896419674370783751e-02
8.135564435187533005e-04 1.896303373052421123e-02
8.133952385556257342e-04 1.896001165386505122e-02
8.133720242688748103e-04 1.895667565368834920e-02
8.131474310980633469e-04 1.895491949851140639e-02
8.124403443776535578e-04 1.895413848342925728e-02
8.124021433944940244e-04 1.895342286545579485e-02
8.122620591006387810e-04 1.894990600882111992e-02
8.110836196018950594e-04 1.892423387646987101e-02
8.109078401631068713e-04 1.892297255464468059e-02
8.108738863302780925e-04 1.892057943995203301e-02
8.108312247941129331e-04 1.892053391988958444e-02
8.102171529045536138e-04 1.889967582333487370e-02
8.100325405361826804e-04 1.889776646800540860e-02
8.095986260894133014e-04 1.889713351820057619e-02
8.095981613085893392e-04 1.889601063751072257e-02
8.093538293795312678e-04 1.889516265117483287e-02
8.092893941690049815e-04 1.888716419925982881e-02
8.091667392658187519e-04 1.887623432315418959e-02
8.087819114827153209e-04 1.887620634938587741e-02
8.087527932590367298e-04 1.887504496671223858e-02
8.082504718805878221e-04 1.887503881637504419e-02
8.081446189115013739e-04 1.887405230574754761e-02
8.078060150849933644e-04 1.883956204440292298e-02
8.077745808053971932e-04 1.883778926449266797e-02
8.077733196411527586e-04 1.883732743424955738e-02
8.075254768641520250e-04 1.882502110829510980e-02
8.070584042228202927e-04 1.882313818580614098e-02
8.069715607514831935e-04 1.882252647792223219e-02
8.069090001872577297e-04 1.882171653451912563e-02
8.068365872120271702e-04 1.882118639906982596e-02
8.067603708405353706e-04 1.882009915029954350e-02
8.067218575240195019e-04 1.881667231070931201e-02
8.067216693722530909e-04 1.881666621558535785e-02
8.066952351648171583e-04 1.881267775259068062e-02
8.062622908301934508e-04 1.880510597222206579e-02
8.062622609185466152e-04 1.880255062131781091e-02
8.062527255857937373e-04 1.879709562069118572e-02
8.061094032063062910e-04 1.879301435076921253e-02
8.060927962523805517e-04 1.878631037170793230e-02
8.060927943415828597e-04 1.878534551608365341e-02
8.059624323449658375e-04 1.878407410210399670e-02
8.056460782690872064e-04 1.878147721913683149e-02
8.053278980964088691e-04 1.877703655546988232e-02
8.052861991191288468e-04 1.877684360941224428e-02
8.051019128734077405e-04 1.877070722844742870e-02
8.047453751585000167e-04 1.876952919848262971e-02
8.046195340567514204e-04 1.876853475911246377e-02
8.045143170357747916e-04 1.876780938965254622e-02
8.043951754576051088e-04 1.876717949264794169e-02
8.040687649890101941e-04 1.876232209347236668e-02
8.040198009756528838e-04 1.876207949784518964e-02
8.040079030177636754e-04 1.876188423681814793e-02
8.038350866534183046e-04 1.875686264774044029e-02
8.038142032764526625e-04 1.875621300483443568e-02
8.033970740468794874e-04 1.875620414921015319e-02
8.029930209278796560e-04 1.873823819546519692e-02
8.029467121516945145e-04 1.873115081998275727e-02
8.029422602829654936e-04 1.873107366426341944e-02
8.027833080115074141e-04 1.872786904634302432e-02
8.027827977612489192e-04 1.872727774315081570e-02
8.026484154597951374e-04 1.872310839006758806e-02
8.026147540797103465e-04 1.871715386447502308e-02
8.025836815623325557e-04 1.871297963074420104e-02
8.023596752186172316e-04 1.871068640433886168e-02
8.023596704358516851e-04 1.871066331016989215e-02
8.020043038072114175e-04 1.871063771715411259e-02
8.020039688943658056e-04 1.871036892234707524e-02
8.016535027043383789e-04 1.867792862624032685e-02
8.016502777157791899e-04 1.867509811388017721e-02
8.016493012966631644e-04 1.867492125438784123e-02
8.015535059051896900e-04 1.866956979257197377e-02
8.011658667500771514e-04 1.866745501292355058e-02
8.008526457401970002e-04 1.866437405295670593e-02
8.008220491099146731e-04 1.866437366778328499e-02
8.007478254205224960e-04 1.866260410080667134e-02
8.007117421024652652e-04 1.866217643594877268e-02
8.006579882932923385e-04 1.866094403142860500e-02
8.004145992771356712e-04 1.865758770410843453e-02
8.000862064595958218e-04 1.865244421791116547e-02
7.999822465709849556e-04 1.864782756530894078e-02
7.998923997758722012e-04 1.864742013512293850e-02
7.998150906463005229e-04 1.864306836102240170e-02
7.998114163831554838e-04 1.864131934328572965e-02
7.996442404621912454e-04 1.864131526475337405e-02
7.993419773986732433e-04 1.863794663895548820e-02
7.991021727342507248e-04 1.863365541885799934e-02
7.990974867510792449e-04 1.863352713142971129e-02
7.990895309924276593e-04 1.863284207008919849e-02
7.989126747676968338e-04 1.862706122284219987e-02
7.986369448194185865e-04 1.862307342264670276e-02
7.986273009585306620e-04 1.862307170939842341e-02
7.986272425003470557e-04 1.862291661185295349e-02
7.982925408809719891e-04 1.860842046762310742e-02
7.981114935805387481e-04 1.860606359550058195e-02
7.979507911786245297e-04 1.859779299483172929e-02
7.979474280271478190e-04 1.859408459879006298e-02
7.977819189739919666e-04 1.858709035733036030e-02
7.977787051737581089e-04 1.858603841523643468e-02
7.977460365056045308e-04 1.858541285782673927e-02
7.977053887137774274e-04 1.856868955837945312e-02
7.977006665032311148e-04 1.856744760723744170e-02
7.973445268021009261e-04 1.856179089372430105e-02
7.972784285259280727e-04 1.855259249493203255e-02
7.972608587570805764e-04 1.855254656818889486e-02
7.972235063042239223e-04 1.855139425831366096e-02
7.972223325217406027e-04 1.855091316625495645e-02
7.972123365226810830e-04 1.855029382814915584e-02
7.972111144715609546e-04 1.854905600073356031e-02
7.964591644697209495e-04 1.852989269704424444e-02
7.964337804239904426e-04 1.852928939199019465e-02
7.964096324422333334e-04 1.852766258432216387e-02
7.963980683078114749e-04 1.852353199758734192e-02
7.962326190902285338e-04 1.852017309131456443e-02
7.961898526342535551e-04 1.851494353683150532e-02
7.960662546885380591e-04 1.851340804151362443e-02
7.960512808410882173e-04 1.851310083426709746e-02
7.960484554437665143e-04 1.851305079162169492e-02
7.959960634859721083e-04 1.851297454230413711e-02
7.959673095399498422e-04 1.851166714488884646e-02
7.955815816822545128e-04 1.850724527709505726e-02
7.955592752118154044e-04 1.850722541144469296e-02
7.955494923777480529e-04 1.850702927823370814e-02
7.954452801815916707e-04 1.850685557252359364e-02
7.954416298790556276e-04 1.850476117045920035e-02
7.953323413936972145e-04 1.849732158703338430e-02
7.953065074177559975e-04 1.848768572533074361e-02
7.952741175250363634e-04 1.848659372468822865e-02
7.952652657149802615e-04 1.848656510946865977e-02
7.952058107373487835e-04 1.848327219594117846e-02
7.951950596826857197e-04 1.848007403106091337e-02
7.951781610260195672e-04 1.848007316917309531e-02
7.950584757186640768e-04 1.847978421569884677e-02
7.950414152120000022e-04 1.847975086260738448e-02
7.950364430555451013e-04 1.847691762683781325e-02
7.950262181536088936e-04 1.847449908676144711e-02
7.949520517400785044e-04 1.846908415824749169e-02
7.945160930410239894e-04 1.846316199662017404e-02
7.944339439578763712e-04 1.845601501836415664e-02
7.943403513957234333e-04 1.845475056070649753e-02
7.943373108605846639e-04 1.845305700054586384e-02
7.942104334746660473e-04 1.844453322139695539e-02
7.941932891437242670e-04 1.844343786606646857e-02
7.941193662875960972e-04 1.844332513065723850e-02
7.940912527490435070e-04 1.843498729187024662e-02
7.940550629997247941e-04 1.843448557115330913e-02
7.940441054136299082e-04 1.843440353875405377e-02
7.936131054189834175e-04 1.841432971555797063e-02
7.936067218439068907e-04 1.841346954723774645e-02
7.935921981242501609e-04 1.841343888259824868e-02
7.935752083591741295e-04 1.841310847292084232e-02
7.935093959772403314e-04 1.841308245719263520e-02
7.935086682690768549e-04 1.841206021827796607e-02
7.935035387764420621e-04 1.840656277971118582e-02
7.931397350503284352e-04 1.839719120396194132e-02
7.930317741322191879e-04 1.839369630304584988e-02
7.930084319428800039e-04 1.839252400489972683e-02
7.930075724809058663e-04 1.839251649926635160e-02
7.929935905659524524e-04 1.839113257783155445e-02
7.929871675244529574e-04 1.839028609111719587e-02
7.929699468574265882e-04 1.838993113117361536e-02
7.929698900624816476e-04 1.838899449479709791e-02
7.929618623115402198e-04 1.838848296309683258e-02
7.929616950444634028e-04 1.838625610624398596e-02
7.928871562067765040e-04 1.837955667989975631e-02
7.928554477838771139e-04 1.837706746483745018e-02
7.928110218444358020e-04 1.837706503477659625e-02
7.926818490022883353e-04 1.837151013044235892e-02
7.926803050842147610e-04 1.837149862919070301e-02
7.926640907755205627e-04 1.837148704235926425e-02
7.926373616866033093e-04 1.836950787649831857e-02
7.926308133041276094e-04 1.836915926788702108e-02
7.925923470025772292e-04 1.836863339756194050e-02
7.925785534446383711e-04 1.836831683193923884e-02
7.925229890450397009e-04 1.836511892979608013e-02
7.925178725332840835e-04 1.836501161537223634e-02
7.925161952639280189e-04 1.836500885324046997e-02
7.924194951310144664e-04 1.836015418903698057e-02
7.923725163617871591e-04 1.835955177928479121e-02
7.923585442962453960e-04 1.835602835050553425e-02
7.921680194985690959e-04 1.835001632085392007e-02
7.921657844463550436e-04 1.834999424691891035e-02
7.921644733532814172e-04 1.834998141378136119e-02
7.921601096577153946e-04 1.834997967678201128e-02
7.921050848151715753e-04 1.834997295182837218e-02
7.920654770450803045e-04 1.834978843377527147e-02
7.920361775142951239e-04 1.834966891390854560e-02
7.919976728822447284e-04 1.834880451232876949e-02
7.919170045685812453e-04 1.834876790155188023e-02
7.918138525173317290e-04 1.834300516876725268e-02
7.917949437736416640e-04 1.834277945559706705e-02
7.917667135715862137e-04 1.834177171318451469e-02
7.916292542736933207e-04 1.833527400557375189e-02
7.915904279013128006e-04 1.833251096508756173e-02
7.915771959643464351e-04 1.833248986400906611e-02
7.915701666830375020e-04 1.833160384475386595e-02
7.915593458993988064e-04 1.832986503135025300e-02
7.915592117963466843e-04 1.832978928032063040e-02
7.915491944100811394e-04 1.832941568613333239e-02
7.915461420624801204e-04 1.832936458683630601e-02
7.913032422509820064e-04 1.832746811699479880e-02
7.912819578970893553e-04 1.832521805946980137e-02
7.912290936539052248e-04 1.832500697060511843e-02
7.911928590340790287e-04 1.832372927654177600e-02
7.908775705802152884e-04 1.831365061317510867e-02
7.908603919222868340e-04 1.831297669198489811e-02
7.908433351075286983e-04 1.831109942423630663e-02
7.906680671798019906e-04 1.830438511939240509e-02
7.906375326092598228e-04 1.829812747467261455e-02
7.905045577934180414e-04 1.829656119959665109e-02
7.904628934348786190e-04 1.829458285684016153e-02
7.900446612306291161e-04 1.827015667348045810e-02
7.900321809673700778e-04 1.826977765902745507e-02
7.899763475754562232e-04 1.826349492843525046e-02
7.895815111656050980e-04 1.825898183901581567e-02
7.895814195791305825e-04 1.825847556159462814e-02
7.895188575945205839e-04 1.825778708010093385e-02
7.895171902611205486e-04 1.825753909633989411e-02
7.888619656649742753e-04 1.824243900405305222e-02
7.888557224516357146e-04 1.824082974072752800e-02
7.888555422054011100e-04 1.824078326102668290e-02
7.881931956584924126e-04 1.822431074435628892e-02
7.881082529323215008e-04 1.822022894239319277e-02
7.880982860032978562e-04 1.821409534456293333e-02
7.880110171875389638e-04 1.821209384491582692e-02
7.880016155072041032e-04 1.821204886295983705e-02
7.878772387234402996e-04 1.820959415492731659e-02
7.878497120218865175e-04 1.820689390135961025e-02
7.878264003344679842e-04 1.820414031661951940e-02
7.878253250121533937e-04 1.820404452307511009e-02
7.878253245917485803e-04 1.820404435155048226e-02
7.878075812916617926e-04 1.820207831839016840e-02
7.877779681957963525e-04 1.820091533749775350e-02
7.877519919011294293e-04 1.820075768089465806e-02
7.877233372357276718e-04 1.819840706422173882e-02
7.875296247523864632e-04 1.819272123149972067e-02
7.874513548284910180e-04 1.818974079768172908e-02
7.874434404372912142e-04 1.818901342952776445e-02
7.874426517463123691e-04 1.818901335752649145e-02
7.874315329726297918e-04 1.818642591501618000e-02
7.874161467539289800e-04 1.818489407308844855e-02
7.873877961567618978e-04 1.818401483928441809e-02
7.872287276322118129e-04 1.818040510533218065e-02
7.870496623839117779e-04 1.817128018684504437e-02
7.870275444196542540e-04 1.817125371708693329e-02
7.870248747356647532e-04 1.817124253287512314e-02
7.867467378500788387e-04 1.816285756457348272e-02
7.867334802445505792e-04 1.816201895290306748e-02
7.866753606624179258e-04 1.816200821991621750e-02
7.866368995553084517e-04 1.816032952583249496e-02
7.866336587415787701e-04 1.815929592831343198e-02
7.866317268149523910e-04 1.815913475396666033e-02
7.866232617176038269e-04 1.815884048389713665e-02
7.865784268420350413e-04 1.815827847558134159e-02
7.865749898091733798e-04 1.815762634503254730e-02
7.865745524858085754e-04 1.815631681872754977e-02
7.865185770944011770e-04 1.815560647312661896e-02
7.865064122509924250e-04 1.815369261744483736e-02
7.864860654416863358e-04 1.815360790939288260e-02
7.864038006362885757e-04 1.815234701905266146e-02
7.863955753894488233e-04 1.815205560351624073e-02
7.863718588792901814e-04 1.814917843553955426e-02
7.863687047765454633e-04 1.814797935579265387e-02
7.863577195510899421e-04 1.814665217408328174e-02
7.859434460359225995e-04 1.814028250433873460e-02
7.859210930059054665e-04 1.813842870298830456e-02
7.858469949869392865e-04 1.813806535895430214e-02
7.858365818520344787e-04 1.813787560277388064e-02
7.857586716459086023e-04 1.812756566799220495e-02
7.857514463079705129e-04 1.812704056598412466e-02
7.857505197751777498e-04 1.812675800147533350e-02
7.857490077488066705e-04 1.812510363110442571e-02
7.857487521490794146e-04 1.812482140310172143e-02
7.857053680008375257e-04 1.812470173047359134e-02
7.856968034641206551e-04 1.812382234021186339e-02
7.853728866556407284e-04 1.811432158797740902e-02
7.853570643076506581e-04 1.811373341731520661e-02
7.853216208563113063e-04 1.811352253319484240e-02
7.853094643383685220e-04 1.811327304650721393e-02
7.851345302491758880e-04 1.810825518356047603e-02
7.850405271699522009e-04 1.810383197148689172e-02
7.849988569643368084e-04 1.810276909929581235e-02
7.849916785819151255e-04 1.810264580094249690e-02
7.848711323132645393e-04 1.809638468202630357e-02
7.848511646584511916e-04 1.809533882412913547e-02
7.848506268878468854e-04 1.809294439556503528e-02
7.848427184675054380e-04 1.809255517585782805e-02
7.848407485191913726e-04 1.809247411762615609e-02
7.848233481845968539e-04 1.808950599907679230e-02
7.846817477074681697e-04 1.807939345181048055e-02
7.846697100412750080e-04 1.807729290261942193e-02
7.846641558198343787e-04 1.807709209477993337e-02
7.846054745324184190e-04 1.807615662646895258e-02
7.845941484491701689e-04 1.807566822306273802e-02
7.844741503920378643e-04 1.807292387024733368e-02
7.844423089365640429e-04 1.806919036383753188e-02
7.843612131558586531e-04 1.806358779749438898e-02
7.843557369360635309e-04 1.806358149230804025e-02
7.843556285604156653e-04 1.806277636580101709e-02
7.843068957390494705e-04 1.806256492028334229e-02
7.842080610034260491e-04 1.806151502943222770e-02
7.841660151830382982e-04 1.805872206059282864e-02
7.841294207897131323e-04 1.805383518158598308e-02
7.841258683784106199e-04 1.805346985721768480e-02
7.841103814834727128e-04 1.805344312177841956e-02
7.841093648423646091e-04 1.805343941564212587e-02
7.841089881244539452e-04 1.805341000762451451e-02
7.840088166760005809e-04 1.804895460861453971e-02
7.840065566423146679e-04 1.804803748738071159e-02
7.840051924526204082e-04 1.804734924032002155e-02
7.840023375740849025e-04 1.804708819067271999e-02
7.839848709822822221e-04 1.804598549438257357e-02
7.838677594209480506e-04 1.803985061788547506e-02
7.838138629770229158e-04 1.803978295042850399e-02
7.838138138981906632e-04 1.803920786254278180e-02
7.835856225779396682e-04 1.803272125602818285e-02
7.835840516705980686e-04 1.803200549757593557e-02
7.835800706265376881e-04 1.803168719455253144e-02
7.835502350337089032e-04 1.802868629466572795e-02
7.835472728862020227e-04 1.802845462817827607e-02
7.835470864863699298e-04 1.802832150568315847e-02
7.835212289280473310e-04 1.802640101311461795e-02
7.834736333191334896e-04 1.802575769198262734e-02
7.833786354341207335e-04 1.802228926039698906e-02
7.833772654401005954e-04 1.802148221185944504e-02
7.833515636432582079e-04 1.802066616251463485e-02
7.833379953076679333e-04 1.802064988755391201e-02
7.833368697581728551e-04 1.802051873130071369e-02
7.833221745136293834e-04 1.801987538523085186e-02
7.832838462371181009e-04 1.801885844279966023e-02
7.832796777413043822e-04 1.801877892878045104e-02
7.832445459568074296e-04 1.801839787367297621e-02
7.832391088687730733e-04 1.801839465367167242e-02
7.831982971690538281e-04 1.801628949597113699e-02
7.831866813640726453e-04 1.801604731722309533e-02
7.831163827302508543e-04 1.801585116568958644e-02
7.831161209025797650e-04 1.801577350797275295e-02
7.831054623635674405e-04 1.801575528955005889e-02
7.831033010893548914e-04 1.801574571061196825e-02
7.831005740331899124e-04 1.801569840988930318e-02
7.830377281740186863e-04 1.801475520944015307e-02
7.830268354933252748e-04 1.801316970692204422e-02
7.830213796511396917e-04 1.801307715836388684e-02
7.829975231486407386e-04 1.801045050945576306e-02
7.829969404378228810e-04 1.800880749578189985e-02
7.829840213137889736e-04 1.800658873463716406e-02
7.827518972896647031e-04 1.799585193259946661e-02
7.827496180292393404e-04 1.799566582293771547e-02
7.827483004506254191e-04 1.799566246675209091e-02
7.827469060781519234e-04 1.799524829073611068e-02
7.827449174613834888e-04 1.799521771460415795e-02
7.827260014061062157e-04 1.799495122602090894e-02
7.827167533011715819e-04 1.799426209385630165e-02
7.827122890309550635e-04 1.799424155970464484e-02
7.826913196578467059e-04 1.799295974791623870e-02
7.826859307656855317e-04 1.799245865936304617e-02
7.826843245861102305e-04 1.799232532481179203e-02
7.826728471535305837e-04 1.799229711388083963e-02
7.826325851295076828e-04 1.799068200371748902e-02
7.825929929812897815e-04 1.798856876833649851e-02
7.825886525453973515e-04 1.798852024176453637e-02
7.825749318369068638e-04 1.798806491129085680e-02
7.825172084855626245e-04 1.798682129227649126e-02
7.824980553052250957e-04 1.798569228668841363e-02
7.823033714105271513e-04 1.797853429301085257e-02
7.822985814410295027e-04 1.797745910432496652e-02
7.821666395152990529e-04 1.797344581826743060e-02
7.821477597368489167e-04 1.797257095925003031e-02
7.820925823728575857e-04 1.797158328522942619e-02
7.820783791998577820e-04 1.797105148673599009e-02
7.818714615953952169e-04 1.796422759054900481e-02
7.818191600339963665e-04 1.796290301261786390e-02
7.817522963888361414e-04 1.795879017592503374e-02
7.817198932473240361e-04 1.795627764562797782e-02
7.817157878767843140e-04 1.795582131766628592e-02
7.817053052370519402e-04 1.795554160286516945e-02
7.816966753850014158e-04 1.795525293261013636e-02
7.816160206211762674e-04 1.794933463762320852e-02
7.816147011829387798e-04 1.794924414619204420e-02
7.816059671280773790e-04 1.794893956791292905e-02
7.815792761701939378e-04 1.794772743055322167e-02
7.815756642314798880e-04 1.794772652805571786e-02
7.815281252781863461e-04 1.794594645770033331e-02
7.815174983103918838e-04 1.794584449163464171e-02
7.815079906190092098e-04 1.794575090363748765e-02
7.815079267851736400e-04 1.794571056523029673e-02
7.814901312230295403e-04 1.794344441050218716e-02
7.814711629874992018e-04 1.794291299357110916e-02
7.814689414051430826e-04 1.794219701424232261e-02
7.814638638679299171e-04 1.794081268690103995e-02
7.814603755525406604e-04 1.794042643382319502e-02
7.814412373228135427e-04 1.793960393467722292e-02
7.814154015279226040e-04 1.793867757219284181e-02
7.814151284825675064e-04 1.793867664330113521e-02
7.814124554896815546e-04 1.793865270608307680e-02
7.813884534806312407e-04 1.793854410185672515e-02
7.813865216487653241e-04 1.793851896451626252e-02
7.813822378559223030e-04 1.793833954322728019e-02
7.813794397202389677e-04 1.793825365288966370e-02
7.813696289796326659e-04 1.793808477218722039e-02
7.813184726936091111e-04 1.793713191161796366e-02
7.813090435412870004e-04 1.793661991405877051e-02
7.813000444412559770e-04 1.793554510363771018e-02
7.811906105143326309e-04 1.793136870729764021e-02
7.811879226555016155e-04 1.793131980294267527e-02
7.811585234253630612e-04 1.793093246836179391e-02
7.811538508722134328e-04 1.793056478442504528e-02
7.811458088251025051e-04 1.792972173374840494e-02
7.810748305137943295e-04 1.792726680828938754e-02
7.810391155952110028e-04 1.792708304051812349e-02
7.810309806199112765e-04 1.792696471378325829e-02
7.809668720493409587e-04 1.792309031238796188e-02
7.807881492529279753e-04 1.791628660392582603e-02
7.807870338265651558e-04 1.791599908298130081e-02
7.807491588251886392e-04 1.791359770680375774e-02
7.807368888944316672e-04 1.791275518583442666e-02
7.806917008807780266e-04 1.791020995177858288e-02
7.806252116306199983e-04 1.790769765223465537e-02
7.806206645009443855e-04 1.790769297944891369e-02
7.806192922099912043e-04 1.790759568558311990e-02
7.806175011662399611e-04 1.790758213795974260e-02
7.806174711472503884e-04 1.790753264637516204e-02
7.805718343072734185e-04 1.790622158319933252e-02
7.805232365445346999e-04 1.790471749464183499e-02
7.805221725241863083e-04 1.790470990237066906e-02
7.805079187114541883e-04 1.790319710387408211e-02
7.804811338021710272e-04 1.790114859422701696e-02
7.804254035672232147e-04 1.789958119918744206e-02
7.803316387927726862e-04 1.789592774417743393e-02
7.803250288904079769e-04 1.789557859270577561e-02
7.803249971448338171e-04 1.789552871395666545e-02
7.803135188142072340e-04 1.789521530137339056e-02
7.803105782998035400e-04 1.789520758672700357e-02
7.803101891565209468e-04 1.789520379402849762e-02
7.802972109598219855e-04 1.789467703357471365e-02
7.802632008565841930e-04 1.789256052041904993e-02
7.802546984934088112e-04 1.789229424406419897e-02
7.802326650061526363e-04 1.789179318765923149e-02
7.802323694515490588e-04 1.789168511135993261e-02
7.802321423662512273e-04 1.789167234147880092e-02
7.801821319709466816e-04 1.788927165969475194e-02
7.801806181206562231e-04 1.788926955981239714e-02
7.801793230086924782e-04 1.788889041122150234e-02
7.801759834519146619e-04 1.788875334249628163e-02
7.801372290422118206e-04 1.788774295971613804e-02
7.801320017353807236e-04 1.788769179659777803e-02
7.801318826327697034e-04 1.788753481619464666e-02
7.800968058472345160e-04 1.788473874255241264e-02
7.800966987567378892e-04 1.788473369588773620e-02
7.800963582930040777e-04 1.788468995588029728e-02
7.800949851240653867e-04 1.788468993737525256e-02
7.800788453784675541e-04 1.788447847705043961e-02
7.800695543392758592e-04 1.788381008127518795e-02
7.800669559952546879e-04 1.788369443082705665e-02
7.800640458146438716e-04 1.788360710763725950e-02
7.800489565103425936e-04 1.788226214289271795e-02
7.800334793225310653e-04 1.788144182834605286e-02
7.800096560917656793e-04 1.787975067720292202e-02
7.800057894311412899e-04 1.787943237948528413e-02
7.800057894239523790e-04 1.787940893855471253e-02
7.800049945424184124e-04 1.787940711182723491e-02
7.800049907234296673e-04 1.787940294947367240e-02
7.799960855905723129e-04 1.787893958205198641e-02
7.799913121604650727e-04 1.787862767393948865e-02
7.799855409643292881e-04 1.787727999513015475e-02
7.799832385758306841e-04 1.787704866252740402e-02
7.799711988425840712e-04 1.787630527515935569e-02
7.799657649608177567e-04 1.787577854032185165e-02
7.799462703816416667e-04 1.787494252742566000e-02
7.799433486128244360e-04 1.787454813126167219e-02
7.799337213493020291e-04 1.787415665807410778e-02
7.799278721167414831e-04 1.787375504410037078e-02
7.799041587397034488e-04 1.787112520601895002e-02
7.799002360541033851e-04 1.787079395825538763e-02
7.798890472753113512e-04 1.786978831760622707e-02
7.798879559982107657e-04 1.786976650140226219e-02
7.798876962383674647e-04 1.786974838799339910e-02
7.798483821966887717e-04 1.786786357577616752e-02
7.798480592368167100e-04 1.786773777922444698e-02
7.798401580061380817e-04 1.786690134125019924e-02
7.797957736708378005e-04 1.786596509177661857e-02
7.797943646012284354e-04 1.786580633582232625e-02
7.797834218958513012e-04 1.786529928159764219e-02
7.797702426462869030e-04 1.786509177293384501e-02
7.797629402135317382e-04 1.786503218148850075e-02
7.797598505589019421e-04 1.786455322383454988e-02
7.797387633134730649e-04 1.786359272033673229e-02
7.796975270845571925e-04 1.786170286971885957e-02
7.796954980895566415e-04 1.786155993867789490e-02
7.796944446362635102e-04 1.786137398084872152e-02
7.796600145349702861e-04 1.785968153603281761e-02
7.796474441031313969e-04 1.785866083571447868e-02
7.796440725430507949e-04 1.785859223369363341e-02
7.796380368789669266e-04 1.785783367494903420e-02
7.796359032991610413e-04 1.785741191470492997e-02
7.796175226543573204e-04 1.785712476135576862e-02
7.796147684281524689e-04 1.785711383369840630e-02
7.795917708696990713e-04 1.785620893731061989e-02
7.795908837642268746e-04 1.785606155625900707e-02
7.795875645458601351e-04 1.785574010333810385e-02
7.794748620386207682e-04 1.784966733640700257e-02
7.794738302626686571e-04 1.784942909199579639e-02
7.794734633698570609e-04 1.784907132518982753e-02
7.794726644528239459e-04 1.784902410693198910e-02
7.794603897497130209e-04 1.784796304288305269e-02
7.794595654315500301e-04 1.784788175085706002e-02
7.794528737268705074e-04 1.784763168714986747e-02
7.794365549151171082e-04 1.784730880713453205e-02
7.794344550709561429e-04 1.784724706785788262e-02
7.794253002664390311e-04 1.784712352476088004e-02
7.794248353969630014e-04 1.784711848066697706e-02
7.793872609695034776e-04 1.784542441264752588e-02
7.793847875202760322e-04 1.784533128714755820e-02
7.793819235895266869e-04 1.784507503665208952e-02
7.793419778246012553e-04 1.784343221791860612e-02
7.793405996604052099e-04 1.784336066872663912e-02
7.793338251636098592e-04 1.784308825974263712e-02
7.793058900405899422e-04 1.784223195197063433e-02
7.792911707788871154e-04 1.784201249537769457e-02
7.792895105406311054e-04 1.784201247559398518e-02
7.792867883739514273e-04 1.784192779989419650e-02
7.792692308783248905e-04 1.784128501078759144e-02
7.792631700355086592e-04 1.784102152892186668e-02
7.792622444011178002e-04 1.784087161132004440e-02
7.792621647499738298e-04 1.784086865725907287e-02
7.792617872699956734e-04 1.784069215986581330e-02
7.792605923980621806e-04 1.784067546306223467e-02
7.792580652493520492e-04 1.784053303395881016e-02
7.792579648614266462e-04 1.784053293621436567e-02
7.792519167450677811e-04 1.784012745133605610e-02
7.792495028085831598e-04 1.783985833873117169e-02
7.792233340240969051e-04 1.783930799566013636e-02
7.792232499587919492e-04 1.783930523913756366e-02
7.792220865812650400e-04 1.783921968671715527e-02
7.791831088046569315e-04 1.783742042075489587e-02
7.791830791600928927e-04 1.783741499779485998e-02
7.791805507022330326e-04 1.783728497084086442e-02
7.791763858125322264e-04 1.783703709674807139e-02
7.791735416428515306e-04 1.783685453924404446e-02
7.791716934567150627e-04 1.783678033342271305e-02
7.791712217871096715e-04 1.783660723539363252e-02
7.791688642028849312e-04 1.783655008957450369e-02
7.791646619016427038e-04 1.783651454329007041e-02
7.791613508236618990e-04 1.783636570925392281e-02
7.791520331215305529e-04 1.783596614749407075e-02
7.791490140411326537e-04 1.783584545697047483e-02
7.791335390726994523e-04 1.783472862635087849e-02
7.791331683912578561e-04 1.783463177028434335e-02
7.791262314826689645e-04 1.783428042896544399e-02
7.791252022452784453e-04 1.783411591582076405e-02
7.791236593188670271e-04 1.783390272614438291e-02
7.791236190931161284e-04 1.783389698106585541e-02
7.791039845445440473e-04 1.783229828415078266e-02
7.791037811669044482e-04 1.783226394213520069e-02
7.790940816548507734e-04 1.783193172649199729e-02
7.790900431803150870e-04 1.783160659168803175e-02
7.790864220070840233e-04 1.783151780096333891e-02
7.790846699668430540e-04 1.783137974286967686e-02
7.790777408909403765e-04 1.783133186372111087e-02
7.790774149614215424e-04 1.783107891807616391e-02
7.790765338958824393e-04 1.783095685273409017e-02
7.790719678283126049e-04 1.783077788212559731e-02
7.790569790956447050e-04 1.783044681451683225e-02
7.790552293039898187e-04 1.783044238842365972e-02
7.790457888071505854e-04 1.782995329250987304e-02
7.790300984012577369e-04 1.782937375226438179e-02
7.790292824237238234e-04 1.782928222509956237e-02
7.790284431691402427e-04 1.782926173885423030e-02
7.790284244467062663e-04 1.782924112285651924e-02
7.789965448563234774e-04 1.782783525366711183e-02
7.789948323628290280e-04 1.782782512704465805e-02
7.789939766407387271e-04 1.782776239263788448e-02
7.789933674428870577e-04 1.782775394671411162e-02
7.789929719571152137e-04 1.782773878053410532e-02
7.789900306629495225e-04 1.782746126348280086e-02
7.789871003871488711e-04 1.782739733585489428e-02
7.789870927469318531e-04 1.782731320263735222e-02
7.789856895327032299e-04 1.782721513217283213e-02
7.789852120153678778e-04 1.782719012367599623e-02
7.789835619760876462e-04 1.782707301046415616e-02
7.789817338668345850e-04 1.782694544580398083e-02
7.789816103197720306e-04 1.782692449157457018e-02
7.789815150244698908e-04 1.782688163284107397e-02
7.789811566648353891e-04 1.782675227266144330e-02
7.789810110155272367e-04 1.782674325672689228e-02
7.789722219113516619e-04 1.782637698969669060e-02
7.789721983953169478e-04 1.782622383242931860e-02
7.789661297203643014e-04 1.782611320947031369e-02
7.789582509217309351e-04 1.782599468570573650e-02
7.789578144480591680e-04 1.782598201251317516e-02
7.789578139250553273e-04 1.782598200812414088e-02
7.789507342511793218e-04 1.782542261107377887e-02
7.789504368206088061e-04 1.782537773944273263e-02
7.789470247695631311e-04 1.782515588900508707e-02
7.789453868695590290e-04 1.782514258144144922e-02
7.789401840626242928e-04 1.782499228096773997e-02
7.789391404303904918e-04 1.782499224494659903e-02
7.789387141141887504e-04 1.782499204158167344e-02
7.789383448342357798e-04 1.782486481174867105e-02
7.789383192969821530e-04 1.782481608702359693e-02
7.789381050137408283e-04 1.782449658284956592e-02
7.789368728146540315e-04 1.782439722546485389e-02
7.789241232335362888e-04 1.782354287302802265e-02
7.789167845751057782e-04 1.782328161251422668e-02
7.789156343326737687e-04 1.782328097944857470e-02
7.789057579566618277e-04 1.782289721131675997e-02
7.788952742921223700e-04 1.782223505294067145e-02
7.788880706807665109e-04 1.782177299067270321e-02
7.788860051184077690e-04 1.782154419190263087e-02
7.788838405688080970e-04 1.782154379708481007e-02
7.788705539185102099e-04 1.782140737808603909e-02
7.788705109711294237e-04 1.782140732095518001e-02
7.788460723258614762e-04 1.781976168093673402e-02
7.788454324206678641e-04 1.781970249055796554e-02
7.788453742106405710e-04 1.781966671235591521e-02
7.788453140186538679e-04 1.781966033356472551e-02
7.788444933723769146e-04 1.781964465563904906e-02
7.788388989479507049e-04 1.781895943825946918e-02
7.788388540733580563e-04 1.781895711296259052e-02
7.788345896210435628e-04 1.781865928814582722e-02
7.788338177854157085e-04 1.781864112910830703e-02
7.788216031758250042e-04 1.781807009624168311e-02
7.788214043379061095e-04 1.781794272788894684e-02
7.788097911188395905e-04 1.781746375176009034e-02
7.788097908732896993e-04 1.781746316824623158e-02
7.788094220829531057e-04 1.781745035351491036e-02
7.788093694157133956e-04 1.781745032746326687e-02
7.788088991179360028e-04 1.781740413652785349e-02
7.788083243486863382e-04 1.781740413081732421e-02
7.788079829785594021e-04 1.781723734020021835e-02
7.788078854545991405e-04 1.781723676475253579e-02
7.788065294310075491e-04 1.781713151887024879e-02
7.788062929115208274e-04 1.781703315753859623e-02
7.788036471001585090e-04 1.781693911630959429e-02
7.788034127352049581e-04 1.781692472183791370e-02
7.787978343028270373e-04 1.781679476142215834e-02
7.787971642345448186e-04 1.781679369176583302e-02
7.787967590626533381e-04 1.781678923433907200e-02
7.787879640490699262e-04 1.781649385382540543e-02
7.787760763935975151e-04 1.781559988883687703e-02
7.787757401835753443e-04 1.781557325245766016e-02
7.787741212794381876e-04 1.781543405860629148e-02
7.787619792109904977e-04 1.781495212966837174e-02
7.787619336042158474e-04 1.781493592497042713e-02
7.787600991919123652e-04 1.781471459173634281e-02
7.787576157691444801e-04 1.781457138303743290e-02
7.787525007412592895e-04 1.781439232663725725e-02
7.787524964791666575e-04 1.781437009848817893e-02
7.787521756290065236e-04 1.781433710191470191e-02
7.787491186403331473e-04 1.781429386402914178e-02
7.787490417829305437e-04 1.781428664836778863e-02
7.787490379259644734e-04 1.781422001703434482e-02
7.787490198276224209e-04 1.781410859979084757e-02
7.787486264141273888e-04 1.781409925224321233e-02
