1.249605457273488573e+05 7.090027087435866892e+07
1.393539517643648060e-03 1.206619659353719842e-01
1.393110036045395539e-03 7.766241441637609932e-02
1.062183843805150282e-03 7.758879131804211071e-02
1.051828659480490494e-03 7.757695541055636967e-02
1.051823692105857124e-03 7.658857641904831537e-02
1.045999094588707240e-03 7.624144386722785105e-02
1.041735058940929841e-03 7.488910644762475366e-02
1.033642348129927427e-03 7.461622604322319663e-02
1.029706546634469051e-03 7.461375475278267388e-02
1.026836350014802453e-03 7.378162315362735146e-02
1.026826010575545645e-03 7.364416795671359373e-02
1.022341331600200385e-03 7.364178460992336361e-02
1.019569274496294736e-03 7.141972911416774594e-02
1.000266751787058477e-03 7.083581316411380335e-02
9.881507141354978381e-04 6.851555949774411347e-02
9.830541071493416154e-04 6.757979631937711951e-02
9.824366651579887443e-04 6.724895543966674660e-02
9.776501722914647790e-04 6.692045091560236414e-02
9.776476994721905629e-04 6.681854079255584999e-02
9.767372630268200337e-04 6.647958730697693663e-02
9.635705302614290231e-04 6.281975840918559151e-02
9.633192906242976552e-04 6.281094418535536350e-02
9.400136535135608261e-04 5.484709902144868643e-02
9.378109182070668796e-04 5.317080019815664110e-02
9.368274771616563181e-04 5.142381266035115500e-02
9.337049354033162638e-04 5.139840142452922755e-02
9.294287517839418949e-04 4.891575615386497405e-02
9.277912248131982981e-04 4.446886832603693523e-02
9.269208051790531200e-04 3.888461498838188812e-02
9.259316142679704280e-04 3.887417043546457368e-02
9.247076158838840208e-04 3.683119118969231665e-02
9.220824786699952005e-04 3.195712768363061229e-02
9.218873736237647712e-04 2.775521608485273170e-02
9.179466602831464058e-04 2.755023926726975214e-02
9.178053407214966427e-04 2.726367588733816238e-02
9.172229737484546798e-04 2.720227723905307288e-02
9.166472919284768695e-04 2.700282248038958152e-02
9.163889394238296021e-04 2.700045844560374289e-02
9.163411913508362049e-04 2.659712683370754269e-02
9.145915652653042625e-04 2.658831764897787858e-02
9.133474631983397188e-04 2.658451004167449588e-02
9.128111766966799916e-04 2.642838465716210519e-02
9.113633876171068097e-04 2.640829028659190045e-02
9.113501539070329588e-04 2.613129241397041044e-02
9.112387555377141849e-04 2.613126944276966332e-02
9.112282348203807345e-04 2.613070484135989607e-02
9.106399219099098287e-04 2.602795452083110292e-02
9.105906456912506511e-04 2.601934716077946436e-02
9.104373139328217389e-04 2.594180590304016529e-02
9.103501727299783070e-04 2.560621745218092521e-02
9.093293439291591940e-04 2.553812354630761658e-02
9.093276754770739361e-04 2.503515213577721735e-02
9.093134263072509202e-04 2.491937365274653551e-02
9.083102448897816938e-04 2.490831337799727027e-02
9.079289118725993599e-04 2.430067704153457062e-02
9.068213657975295657e-04 2.404254576437984264e-02
9.059972322227568316e-04 2.365292197785466566e-02
9.054842120156676288e-04 2.337098154488471621e-02
9.053299499717033707e-04 2.335038433957798906e-02
9.046893867708272500e-04 2.334297573087129943e-02
9.041436351329562582e-04 2.325251741514053339e-02
9.030969151210615446e-04 2.325164378500710338e-02
9.025951141858005317e-04 2.317641369650964150e-02
9.025470549390358140e-04 2.289988908368988108e-02
9.020127259889586160e-04 2.289944237382714187e-02
9.014457897130994518e-04 2.274373765210243106e-02
9.014366972302318088e-04 2.269202525691756123e-02
9.013475912048821842e-04 2.264694451537728123e-02
8.999250603143770693e-04 2.263647962297575533e-02
8.995719671469641285e-04 2.263538314096215365e-02
8.995134866090420201e-04 2.256856842833626642e-02
8.993067338195200131e-04 2.232713298786502543e-02
8.991668945315588147e-04 2.219937138287094575e-02
8.990527680528791199e-04 2.215066782817966262e-02
8.988885656743281563e-04 2.205282999444780831e-02
8.984564323353943236e-04 2.196772212457809986e-02
8.974426698742033392e-04 2.195033375661651839e-02
8.972788733589152953e-04 2.194239398695228133e-02
8.970611876435353625e-04 2.176067603120408755e-02
8.970192452628079861e-04 2.176058267381184713e-02
8.969190494828201132e-04 2.176052614690387674e-02
8.956082345538939884e-04 2.160162531583037504e-02
8.948193186630787116e-04 2.159200060915424449e-02
8.947215795230655097e-04 2.157058247943796983e-02
8.926163861552582077e-04 2.149848405454413483e-02
8.899206292597684146e-04 2.147303220647853519e-02
8.899203655009048147e-04 2.143759941797341098e-02
8.885505976224676757e-04 2.142441746004050684e-02
8.884384658637929297e-04 2.133027520862564030e-02
8.874933957601585264e-04 2.128481569671087162e-02
8.869900500596611045e-04 2.128136201613908124e-02
8.859108875556140263e-04 2.128131668222107281e-02
8.852024131371194308e-04 2.128018004765260332e-02
8.832630991329904618e-04 2.118962957555860921e-02
8.832439702917189604e-04 2.118347949338922689e-02
8.813061909598734513e-04 2.108360786440964529e-02
8.813034769707160177e-04 2.107775132195160300e-02
8.738824282884631589e-04 2.101831826118164687e-02
8.708461008810155536e-04 2.099879613558016181e-02
8.708452385055966485e-04 2.082476256627984260e-02
8.706551741957317507e-04 2.081942963419379858e-02
8.695135945780320267e-04 2.075767027815393628e-02
8.693511470489756216e-04 2.075182380789904538e-02
8.693508299764182842e-04 2.073089214146097564e-02
8.692493112958639759e-04 2.070121859979099851e-02
8.691749513790479262e-04 2.069580358588229280e-02
8.687101658252703671e-04 2.068559618682348430e-02
8.681014469625393829e-04 2.065231704353697254e-02
8.678617989775713228e-04 2.052578501033067507e-02
8.669093854045677606e-04 2.052304622096243203e-02
8.642248370795918653e-04 2.045436807612144650e-02
8.641656358999239354e-04 2.045216615152670864e-02
8.635212881939886538e-04 2.044942570065636303e-02
8.634923127846087527e-04 2.044458674677505916e-02
8.628733129159547616e-04 2.044191106102425520e-02
8.621223667161319586e-04 2.042885911661272355e-02
8.620811275438947183e-04 2.042881546180269278e-02
8.620277009306607542e-04 2.041759033775015011e-02
8.611986041319879019e-04 2.040998819194152214e-02
8.610640871389609041e-04 2.040872041701491044e-02
8.608812740693895516e-04 2.040870106032701206e-02
8.607672730889619466e-04 2.039081120718858400e-02
8.600725264243104214e-04 2.038633883564512292e-02
8.589864686257621699e-04 2.038144887175856804e-02
8.560971323038154722e-04 2.025757418819162936e-02
8.553977648903960665e-04 2.023811533720595163e-02
8.549546649724549217e-04 2.023666337792842315e-02
8.548013412325763515e-04 2.023499826988279029e-02
8.547124378348038790e-04 2.023205624000404268e-02
8.532207076739404096e-04 2.013417622349359878e-02
8.522122404432395156e-04 2.013083460556346765e-02
8.500815308725153622e-04 2.012082623057205588e-02
8.498982563244916614e-04 2.009564793190985257e-02
8.494962784938924838e-04 2.008875380602343635e-02
8.494916149474666077e-04 2.008747688947732854e-02
8.494901929464213726e-04 2.007904033952852274e-02
8.494780796904065909e-04 2.007808119893814136e-02
8.486070987774842677e-04 1.998927676545631318e-02
8.485713798696677352e-04 1.997843223976739427e-02
8.484503124129974322e-04 1.993805231975049122e-02
8.482674364310568635e-04 1.993090654078740268e-02
8.482545885726377848e-04 1.992610298485720383e-02
8.480927375769380539e-04 1.992591427762025608e-02
8.475446284994539664e-04 1.992031023400421541e-02
8.472283031678572466e-04 1.991967195719211714e-02
8.463526090614186806e-04 1.991766408811193254e-02
8.463392293387332144e-04 1.991398361255747665e-02
8.457901727117996329e-04 1.983222260271564133e-02
8.457649110945334109e-04 1.982931154380348712e-02
8.433344995734742226e-04 1.981761870946099902e-02
8.431403080414352769e-04 1.981637978391848770e-02
8.428519095910265609e-04 1.981303104888958513e-02
8.428268965416935024e-04 1.979175446357843079e-02
8.428229272797176531e-04 1.979103692188647831e-02
8.428226098199218972e-04 1.978293568878847219e-02
8.418980414126913054e-04 1.977164075371865004e-02
8.418971324332127047e-04 1.976236763705100166e-02
8.416353608681026270e-04 1.975781836202160704e-02
8.411578226651767951e-04 1.974874477669862419e-02
8.411199381853932868e-04 1.972987075126812068e-02
8.407349626160847073e-04 1.971625531681414981e-02
8.406700962337055336e-04 1.971623066943728811e-02
8.405895982090960672e-04 1.971542685198034509e-02
8.402245047982652383e-04 1.970226086467301296e-02
8.402109121954882878e-04 1.966301572105861803e-02
8.396478236983687419e-04 1.963668909860349920e-02
8.377398628534666247e-04 1.959530476834707088e-02
8.339048437636065137e-04 1.956221205224836085e-02
8.327050157146008349e-04 1.952347100632862570e-02
8.324810966626788791e-04 1.952276897776143022e-02
8.321655878428320819e-04 1.951808408854325758e-02
8.313213685224880162e-04 1.945855068828692552e-02
8.292632510556725671e-04 1.941585747734532810e-02
8.290810353308139709e-04 1.941576990761189128e-02
8.285981980431084398e-04 1.941541137032349804e-02
8.284446268678206850e-04 1.940490365818572926e-02
8.284441274948739367e-04 1.940187820303602984e-02
8.281978332724574624e-04 1.938813672990874135e-02
8.281106196323459326e-04 1.938000510217742847e-02
8.279745403629577057e-04 1.937941208671249693e-02
8.279425639478182625e-04 1.937868148118000733e-02
8.278408712365571166e-04 1.937694477652721417e-02
8.278244186862009513e-04 1.937414051457710812e-02
8.268491655707084541e-04 1.936175958355151883e-02
8.266949320736727974e-04 1.935666053629865255e-02
8.266837675944859517e-04 1.935339377147371823e-02
8.266100205274151376e-04 1.934941143132425101e-02
8.264381135561442828e-04 1.933424621281645134e-02
8.261362362873606556e-04 1.933395601293411495e-02
8.260655282240820553e-04 1.933386996314559111e-02
8.253953848154872361e-04 1.931056531535811985e-02
8.247129444022470663e-04 1.929723349255006368e-02
8.247093005823579077e-04 1.929714272451261634e-02
8.246049032188556595e-04 1.929301109693464314e-02
8.241456807045408886e-04 1.929177814808298239e-02
8.241456651656044316e-04 1.929158983796213853e-02
8.234806341198380427e-04 1.927233411046944817e-02
8.229588264744634556e-04 1.927223637552662530e-02
8.227300645043427634e-04 1.927097695060504129e-02
8.224036816027627088e-04 1.926400249317279656e-02
8.219903891852048785e-04 1.926212440808168502e-02
8.218116309172984225e-04 1.925848995494796462e-02
8.217197475197041742e-04 1.925290950580886909e-02
8.214683120562667890e-04 1.924052058239598267e-02
8.214679827929900974e-04 1.923268262688582544e-02
8.213921391327865624e-04 1.921442969591122957e-02
8.209963117260353363e-04 1.919823348207281427e-02
8.208177853598556516e-04 1.919814446050245593e-02
8.208145778510919600e-04 1.918880232735021424e-02
8.207405661199218072e-04 1.918705694347365084e-02
8.199436081467440700e-04 1.918685322316638839e-02
8.199028695674580357e-04 1.916646807452171072e-02
8.197882802231869995e-04 1.916602247393784514e-02
8.195346621810150082e-04 1.916340942036892994e-02
8.195345451049090369e-04 1.915774323582173852e-02
8.192315761946430139e-04 1.915052791422237194e-02
8.192087659798099426e-04 1.913872905854246617e-02
8.184714103793052763e-04 1.911660239253240232e-02
8.183714461375076084e-04 1.910545486669715590e-02
8.183560674668790983e-04 1.910531045209000467e-02
8.182515075155772895e-04 1.910500490724606135e-02
8.182486652995665669e-04 1.910274089110649068e-02
8.182467137929909807e-04 1.908862689606758908e-02
8.173263949539650956e-04 1.902936985827923325e-02
8.173139674277986365e-04 1.902834697355626839e-02
8.169560302565708788e-04 1.901931637702453104e-02
8.164777523124361119e-04 1.899710799333158978e-02
8.161268002190868748e-04 1.899678857450645686e-02
8.161005987012443386e-04 1.899678597871896912e-02
8.160993556406575828e-04 1.899670624139071159e-02
8.159897364920752627e-04 1.899069617865281265e-02
8.159190550882768414e-04 1.898968612932567038e-02
8.159185163759105673e-04 1.898934236719897542e-02
8.153436357395282439e-04 1.897911366970852359e-02
8.152773670998107215e-04 1.897461078438327647e-02
8.151458151009780082e-04 1.896698225581748554e-02
8.151386234801755561e-04 1.896538040816867984e-02
8.148476495049408784e-04 1.895819522519788525e-02
8.148463758439035637e-04 1.895264030603834721e-02
8.148456646954583106e-04 1.895197308777352499e-02
8.147060029907803686e-04 1.894044392261183887e-02
8.146253789479121401e-04 1.894043840027227060e-02
8.146138910673671922e-04 1.893691737991817781e-02
8.145268759628111711e-04 1.893567116584776722e-02
8.144530362825460083e-04 1.891769237897760261e-02
8.142066620731816962e-04 1.891653751603859096e-02
8.140469729389208540e-04 1.891356344770151257e-02
8.140233068269809051e-04 1.891027122920419662e-02
8.138001190762599686e-04 1.890854309152429150e-02
8.130958835657764320e-04 1.890778064864704483e-02
8.130584922092868585e-04 1.890708495119248003e-02
8.129191762174153889e-04 1.890360246489868057e-02
8.117417844621671466e-04 1.887804381511147891e-02
8.115676834494925471e-04 1.887681073485625652e-02
8.115342448755020772e-04 1.887439970435145567e-02
8.114913198320341343e-04 1.887435583618970319e-02
8.108795483716589808e-04 1.885363785018007859e-02
8.106952110031769021e-04 1.885173937042901662e-02
8.102644878475240894e-04 1.885112687816306934e-02
8.102640216289167495e-04 1.885000525845067706e-02
8.100208717998353932e-04 1.884917071893438267e-02
8.099559867777844906e-04 1.884116807918439357e-02
8.098338638927048052e-04 1.883029890398961459e-02
8.094520661271954092e-04 1.883027470285576072e-02
8.094229274125447262e-04 1.882911384749260189e-02
8.089234295443622309e-04 1.882910600698490394e-02
8.088194872341900694e-04 1.882809219657471250e-02
8.084841583077558404e-04 1.879390747623101848e-02
8.084524029255984621e-04 1.879212491739007049e-02
8.084511743637847652e-04 1.879166758597804882e-02
8.082056454651850895e-04 1.877948711435821483e-02
8.077398256319391449e-04 1.877761918098528118e-02
8.076540897961685369e-04 1.877699576294115241e-02
8.075920109649125603e-04 1.877617991789519089e-02
8.075198207138378510e-04 1.877565492922753793e-02
8.074454317686305654e-04 1.877461064454190656e-02
8.074068006886207533e-04 1.877118899028183338e-02
8.074065994238718543e-04 1.877118260753933912e-02
8.073798581056261569e-04 1.876718173793966854e-02
8.069497668495760829e-04 1.875969689578342939e-02
8.069497282924442032e-04 1.875713801567647013e-02
8.069405036788482180e-04 1.875174813047965697e-02
8.067972482187254612e-04 1.874768454877895688e-02
8.067808639149670136e-04 1.874103360361367016e-02
8.067808632821160371e-04 1.874006510039060922e-02
8.066522876487946907e-04 1.873882655154126067e-02
8.063395226616472443e-04 1.873628858811908493e-02
8.060207751906105526e-04 1.873184655454715117e-02
8.059789898791250122e-04 1.873165562743353899e-02
8.057964403862272760e-04 1.872558785974972814e-02
8.054391260935668193e-04 1.872440247289972742e-02
8.053143574103993532e-04 1.872342914080400711e-02
8.052095085917587497e-04 1.872271083228337768e-02
8.050917949965632299e-04 1.872210108986695209e-02
8.047663005283495468e-04 1.871727640590631347e-02
8.047178984170801378e-04 1.871704213430728375e-02
8.047061415165519252e-04 1.871684988408782793e-02
8.045351074687912387e-04 1.871190199003056054e-02
8.045148134189139197e-04 1.871123628310128115e-02
8.040999441447689447e-04 1.871122891314191267e-02
8.036968881482360648e-04 1.869335630660139483e-02
8.036499744334493246e-04 1.868633966170701183e-02
8.036456803040303073e-04 1.868625902511273501e-02
8.034882932792280401e-04 1.868310402312012286e-02
8.034877408620557044e-04 1.868250689717345855e-02
8.033538578108253333e-04 1.867836312563868340e-02
8.033207283904051201e-04 1.867246928720980859e-02
8.032897439193164473e-04 1.866831053638918006e-02
8.030680004720445932e-04 1.866606243691873446e-02
8.030679972296540792e-04 1.866603895636826868e-02
8.027169505697980901e-04 1.866600686593197778e-02
8.027165952010559529e-04 1.866573589018286072e-02
8.023685776272445648e-04 1.863353068136720456e-02
8.023651319378472370e-04 1.863074849540501121e-02
8.023641519534753736e-04 1.863057218965092146e-02
8.022695446582015551e-04 1.862528477284398215e-02
8.018844578150005316e-04 1.862320597552813428e-02
8.015705000376563936e-04 1.862011968402543793e-02
8.015399640494644826e-04 1.862011926900698083e-02
8.014668655271565923e-04 1.861838613429719555e-02
8.014308669518729238e-04 1.861796028650581150e-02
8.013778971979307851e-04 1.861675313383193142e-02
8.011339059573189180e-04 1.861339791590185810e-02
8.008067071744205201e-04 1.860829573687376726e-02
8.007022775604796241e-04 1.860367596772101798e-02
8.006113065685896424e-04 1.860325685696943149e-02
8.005349687277074156e-04 1.859895824347285523e-02
8.005313706399479288e-04 1.859720922933179310e-02
8.003638569511240019e-04 1.859720483552601902e-02
8.000626168171593453e-04 1.859386067650594873e-02
7.998219144322418804e-04 1.858956279955520721e-02
7.998171415503270995e-04 1.858943208343715597e-02
7.998091120623723608e-04 1.858875289318824217e-02
7.996318784765423524e-04 1.858297893208937443e-02
7.993565551887629999e-04 1.857900669942191135e-02
7.993466756373043911e-04 1.857900440179773016e-02
7.993466081570724854e-04 1.857884752095726247e-02
7.990161000593838962e-04 1.856455062874407674e-02
7.988369186074534842e-04 1.856223551085963916e-02
7.986757953086627776e-04 1.855397196928052286e-02
7.986726157194810969e-04 1.855031255000776785e-02
7.985081120607573401e-04 1.854337534530485151e-02
7.985049592040492075e-04 1.854232132140815406e-02
7.984726553099707243e-04 1.854170657467790057e-02
7.984322360518546734e-04 1.852507972343295575e-02
7.984273583509812582e-04 1.852383026124914886e-02
7.980725130623633583e-04 1.851821926345693578e-02
7.980061608419830458e-04 1.850903990020078688e-02
7.979889152105126447e-04 1.850899688745887006e-02
7.979516914337666644e-04 1.850785373496437528e-02
7.979505894162590342e-04 1.850736633144900445e-02
7.979407378507512218e-04 1.850675526446330169e-02
7.979395764282427080e-04 1.850551303631762720e-02
7.971882005851773723e-04 1.848642819115194069e-02
7.971627149211856422e-04 1.848582386187629101e-02
7.971385578622226407e-04 1.848420421534159239e-02
7.971269353172307816e-04 1.848008361715948455e-02
7.969626613853331284e-04 1.847676513710736976e-02
7.969190016790230141e-04 1.847150180459229338e-02
7.967960747923906028e-04 1.846998224397259844e-02
7.967814208543601371e-04 1.846968364671983109e-02
7.967784578055008048e-04 1.846963070266770257e-02
7.967270260833690838e-04 1.846956068954923660e-02
7.966989168682875452e-04 1.846828200430310901e-02
7.963144756360605999e-04 1.846389719646419209e-02
7.962912177075442358e-04 1.846387216524280131e-02
7.962816789867255968e-04 1.846368258105853671e-02
7.961780142168710947e-04 1.846351233560116628e-02
7.961742972588545459e-04 1.846141782166841119e-02
7.960656208524407359e-04 1.845403399579350137e-02
7.960398868628537844e-04 1.844444711367673392e-02
7.960079856732416460e-04 1.844337503678044818e-02
7.959991561129069236e-04 1.844334635721088522e-02
7.959399050074636743e-04 1.844007136988496526e-02
7.959292441441016526e-04 1.843689409678778493e-02
7.959126114129762026e-04 1.843689353579237855e-02
7.957933422108738305e-04 1.843660899506318132e-02
7.957759881075286094e-04 1.843657333246160115e-02
7.957712249428768470e-04 1.843377777958962738e-02
7.957608165819020970e-04 1.843135382963260668e-02
7.956872613916601616e-04 1.842598682549521569e-02
7.952524987187530167e-04 1.842011118417218388e-02
7.951710034231553210e-04 1.841302247303690590e-02
7.950773270574443231e-04 1.841176007005468698e-02
7.950742821356050240e-04 1.841007494227313648e-02
7.949485912419707121e-04 1.840163681520865652e-02
7.949316913606951701e-04 1.840053587914600511e-02
7.948575644072035330e-04 1.840042181468680427e-02
7.948291756687649512e-04 1.839209128804400808e-02
7.947934945268818113e-04 1.839160101230437327e-02
7.947827901170597320e-04 1.839152266717605094e-02
7.943527389563140133e-04 1.837155091669900181e-02
7.943464075732507845e-04 1.837069739789405284e-02
7.943321299018386589e-04 1.837066878806860662e-02
7.943148617432242622e-04 1.837033232378258718e-02
7.942496878727547602e-04 1.837030820468030581e-02
7.942489463725721077e-04 1.836928889130626935e-02
7.942437566458863864e-04 1.836380201905493670e-02
7.938826872513785136e-04 1.835453580282284808e-02
7.937749504382887473e-04 1.835106221104294486e-02
7.937515148982788368e-04 1.834989011625719202e-02
7.937507098597715175e-04 1.834988176721114028e-02
7.937366141372477479e-04 1.834849552865669420e-02
7.937303612342887704e-04 1.834764256415217371e-02
7.937126531346159640e-04 1.834727705607167025e-02
7.937126034466273228e-04 1.834633995887785529e-02
7.937045561521297770e-04 1.834582877012116975e-02
7.937044118693389839e-04 1.834359649007911292e-02
7.936296819597934461e-04 1.833690816228957660e-02
7.935981346455211463e-04 1.833443594720073067e-02
7.935538643355074737e-04 1.833443368949891697e-02
7.934256260018807041e-04 1.832893011748268700e-02
7.934241517624490009e-04 1.832891969990880707e-02
7.934078252436469521e-04 1.832890752880452639e-02
7.933809659971027264e-04 1.832692892193653680e-02
7.933744974641026909e-04 1.832658452187797132e-02
7.933362414849923303e-04 1.832606388523094765e-02
7.933224602554955589e-04 1.832574881590748328e-02
7.932673095478470510e-04 1.832257921293316619e-02
7.932623272435175305e-04 1.832247574662725087e-02
7.932606203304217460e-04 1.832247320638617089e-02
7.931648971371763534e-04 1.831767392492136479e-02
7.931187641576378745e-04 1.831709080863831024e-02
7.931047506180207438e-04 1.831357675517017447e-02
7.929141807132326046e-04 1.830758095746941663e-02
7.929119156068565938e-04 1.830755830443774740e-02
7.929106714601158847e-04 1.830754661683985790e-02
7.929064776413713477e-04 1.830754423068174652e-02
7.928526256599960657e-04 1.830753522639567976e-02
7.928131701299476327e-04 1.830735332192762882e-02
7.927840887467243157e-04 1.830723175936473102e-02
7.927468584644119590e-04 1.830640320469807680e-02
7.926672023534181389e-04 1.830636987576760022e-02
7.925639306977433005e-04 1.830062028739897623e-02
7.925448987243960712e-04 1.830039302928626599e-02
7.925162206124282275e-04 1.829937407422148332e-02
7.923803083057214197e-04 1.829295923790691392e-02
7.923420021217351039e-04 1.829023345211823470e-02
7.923287293876595579e-04 1.829021200080220566e-02
7.923219265913128114e-04 1.828934270334873699e-02
7.923111530703844628e-04 1.828761275717291288e-02
7.923110229514212241e-04 1.828753751633747926e-02
7.923010036130544382e-04 1.828716554888324894e-02
7.922981401820875999e-04 1.828711027536828251e-02
7.920564676128400176e-04 1.828523659641544119e-02
7.920350756930876097e-04 1.828299003433843384e-02
7.919829242360901071e-04 1.828278672523470441e-02
7.919466975199336003e-04 1.828151313705073111e-02
7.916325358510616691e-04 1.827149937855754649e-02
7.916152492788647646e-04 1.827082386120764193e-02
7.915982705402797599e-04 1.826895652775312878e-02
7.914234811044155039e-04 1.826228100329597287e-02
7.913931318429093557e-04 1.825606039375602535e-02
7.912607442662274344e-04 1.825451086282775179e-02
7.912189983078812393e-04 1.825254472043468662e-02
7.908047378577820214e-04 1.822837258315765374e-02
7.907924899267081576e-04 1.822800189248251906e-02
7.907373453790846139e-04 1.822177744832092355e-02
7.903432987894270026e-04 1.821729217002917775e-02
7.903432029696042232e-04 1.821678609394096482e-02
7.902811405475646802e-04 1.821610799982900999e-02
7.902796190150304916e-04 1.821587056570657046e-02
7.896298253315216838e-04 1.820096146793992106e-02
7.896235171590211587e-04 1.819935312782327078e-02
7.896233434182296567e-04 1.819930746891999795e-02
7.889633823654476283e-04 1.818295420172181404e-02
7.888789083752865755e-04 1.817890264214805027e-02
7.888687094254103133e-04 1.817276429455048567e-02
7.887821669265601644e-04 1.817078823808330676e-02
7.887728329181922923e-04 1.817074425950047922e-02
7.886491680949829107e-04 1.816831430976571099e-02
7.886216404903410859e-04 1.816562262012589093e-02
7.885984678198832559e-04 1.816288714684950387e-02
7.885973850429491699e-04 1.816279202736702236e-02
7.885973834156197139e-04 1.816279192744663790e-02
7.885794848819342728e-04 1.816082535150768604e-02
7.885494769891423453e-04 1.815965351201649647e-02
7.885232162944996303e-04 1.815949223693096373e-02
7.884943394809081638e-04 1.815713994550105514e-02
7.883008729397537103e-04 1.815147958706568240e-02
7.882232257578201040e-04 1.814853352374175624e-02
7.882152277885044094e-04 1.814781373232886297e-02
7.882144744958061167e-04 1.814781359514414452e-02
7.882035093373210332e-04 1.814525106787495679e-02
7.881883594338105108e-04 1.814373768893925640e-02
7.881599897507184224e-04 1.814286233061707110e-02
7.880010859455128386e-04 1.813926873685933402e-02
7.878226905692479239e-04 1.813020137710691371e-02
7.878009055869734240e-04 1.813017306240936530e-02
7.877982130998956211e-04 1.813016168081783841e-02
7.875219083222058727e-04 1.812186105328550748e-02
7.875087194267935521e-04 1.812102934240367516e-02
7.874498299057941129e-04 1.812101656296130625e-02
7.874112037228341889e-04 1.811934048066542180e-02
7.874078908475693828e-04 1.811830369535486970e-02
7.874059997234888076e-04 1.811814565483922321e-02
7.873977116834588114e-04 1.811784702893631110e-02
7.873526317154115953e-04 1.811728198921380012e-02
7.873492824904943345e-04 1.811663914783436316e-02
7.873488687515150597e-04 1.811534268163761743e-02
7.872935860747914526e-04 1.811464888003688767e-02
7.872814716744111442e-04 1.811274674709037122e-02
7.872614588668548153e-04 1.811266563707530225e-02
7.871785659276646797e-04 1.811139564361538556e-02
7.871704577010283505e-04 1.811110873657922546e-02
7.871466446413854807e-04 1.810823755998828069e-02
7.871433870836993174e-04 1.810705636454100487e-02
7.871327777374292119e-04 1.810575695087663847e-02
7.867198356117140060e-04 1.809943424203391826e-02
7.866979832300611099e-04 1.809761252654053243e-02
7.866240509027011985e-04 1.809725190510934681e-02
7.866139036011030386e-04 1.809705696125368107e-02
7.865364582806823974e-04 1.808681718988934192e-02
7.865293057787133349e-04 1.808629685560150108e-02
7.865284327459756523e-04 1.808602046937034941e-02
7.865268988934816328e-04 1.808436978997805117e-02
7.865266688850826955e-04 1.808409307443425290e-02
7.864834230659975296e-04 1.808397440650392346e-02
7.864748769686210998e-04 1.808309798053981884e-02
7.861531995781012713e-04 1.807369636212632566e-02
7.861372175762411070e-04 1.807310593243104460e-02
7.861017854697206113e-04 1.807289547757671630e-02
7.860896785810099745e-04 1.807264795811766925e-02
7.859154675155206405e-04 1.806766848114292959e-02
7.858219174165239577e-04 1.806327886398901433e-02
7.857797020226046664e-04 1.806220458185964911e-02
7.857727353797354158e-04 1.806208631275892443e-02
7.856526601069275259e-04 1.805586619100580520e-02
7.856328514730357175e-04 1.805482993517202109e-02
7.856323456618310563e-04 1.805245818116505557e-02
7.856243922138200818e-04 1.805206818587793555e-02
7.856223355480739532e-04 1.805199031576253110e-02
7.856048172469997509e-04 1.804902537729307505e-02
7.854650973200294787e-04 1.803904165418970806e-02
7.854533213858931346e-04 1.803696792210080641e-02
7.854479586194534468e-04 1.803677398530388956e-02
7.853890392289618197e-04 1.803583612245512197e-02
7.853775546486922894e-04 1.803534372027017565e-02
7.852574257487401161e-04 1.803260618396523851e-02
7.852257432689433185e-04 1.802889588969866161e-02
7.851445815435758712e-04 1.802331126637089082e-02
7.851391408921167860e-04 1.802330481212978397e-02
7.851390360346207275e-04 1.802250217953441785e-02
7.850905870116749521e-04 1.802229460252492699e-02
7.849915492908289332e-04 1.802124458234154181e-02
7.849492855166149714e-04 1.801845253660886229e-02
7.849126903270499953e-04 1.801358376755521351e-02
7.849091359641039919e-04 1.801322010045401309e-02
7.848936403258565146e-04 1.801319349248423768e-02
7.848926759406241443e-04 1.801319036319658923e-02
7.848923344711674840e-04 1.801315932058418501e-02
7.847922313046832828e-04 1.800872236704674501e-02
7.847900364718027365e-04 1.800780164932855656e-02
7.847886568945493030e-04 1.800711415593702833e-02
7.847858714173553503e-04 1.800685797644901998e-02
7.847687848509839323e-04 1.800577565137012961e-02
7.846524920417603582e-04 1.799969688027925480e-02
7.845986859778627956e-04 1.799962967291952529e-02
7.845986476590936310e-04 1.799906382817994741e-02
7.843710689876997374e-04 1.799261817633056662e-02
7.843695081699358571e-04 1.799190594866484708e-02
7.843657390763582489e-04 1.799159906303703441e-02
7.843360032923604773e-04 1.798861601181296621e-02
7.843331222075654785e-04 1.798838921662619314e-02
7.843329448455646329e-04 1.798825554043740824e-02
7.843075425827824524e-04 1.798636251467453095e-02
7.842601193137393924e-04 1.798572550426056835e-02
7.841659574161493696e-04 1.798229535750734201e-02
7.841645565264716714e-04 1.798149608069249394e-02
7.841388794555492715e-04 1.798068403884480956e-02
7.841252657594610870e-04 1.798066747381532951e-02
7.841242052186284161e-04 1.798054060091073755e-02
7.841099802305809057e-04 1.797991691893053093e-02
7.840720876098731563e-04 1.797891659124778788e-02
7.840680140621129803e-04 1.797883517879877296e-02
7.840331523736396996e-04 1.797846033826305812e-02
7.840277174696625318e-04 1.797845711848886432e-02
7.839869818948844897e-04 1.797636232241330706e-02
7.839753085748219592e-04 1.797611901336424248e-02
7.839059815770623579e-04 1.797593185819287495e-02
7.839057305607023164e-04 1.797585536253926836e-02
7.838952214928935269e-04 1.797583822018042343e-02
7.838930664340769058e-04 1.797582871023978984e-02
7.838904285757609036e-04 1.797577946656976969e-02
7.838274473779610271e-04 1.797483621427623662e-02
7.838164140205797605e-04 1.797324726119135449e-02
7.838108999091858171e-04 1.797315355243693860e-02
7.837870620601811947e-04 1.797053821138798121e-02
7.837865243166258896e-04 1.796891520636974618e-02
7.837733353290890189e-04 1.796668498433262248e-02
7.835414260388613196e-04 1.795599362283691394e-02
7.835391985123001113e-04 1.795581076797517911e-02
7.835379243553438440e-04 1.795580780222010009e-02
7.835365330449149983e-04 1.795539578964044578e-02
7.835346005901059783e-04 1.795536663007901365e-02
7.835159830355598910e-04 1.795510707652197419e-02
7.835067765450857242e-04 1.795442267981053192e-02
7.835022660699692736e-04 1.795440273980544385e-02
7.834810690119823695e-04 1.795311533491476125e-02
7.834758462060980883e-04 1.795262531388737426e-02
7.834742811657596610e-04 1.795249098995055359e-02
7.834630039548642986e-04 1.795246115853797383e-02
7.834227937940989013e-04 1.795085323739376362e-02
7.833833158535417982e-04 1.794875390692579967e-02
7.833790206970179474e-04 1.794870644386792682e-02
7.833653902315184910e-04 1.794825547395121138e-02
7.833084021041814698e-04 1.794703440336836361e-02
7.832891110877704399e-04 1.794590408815461072e-02
7.830949262487518726e-04 1.793878772572192470e-02
7.830901025978747069e-04 1.793771389571279656e-02
7.829587085487022891e-04 1.793373223601107957e-02
7.829398881561279271e-04 1.793286242483289189e-02
7.828850880124711004e-04 1.793188745200140904e-02
7.828707096446740421e-04 1.793135140658787610e-02
7.826651297492971237e-04 1.792459298234584317e-02
7.826134171545403315e-04 1.792328964581654457e-02
7.825463626255819722e-04 1.791918365070794064e-02
7.825140041011356597e-04 1.791668186231747811e-02
7.825098704980146258e-04 1.791622613960385663e-02
7.824995344962425983e-04 1.791595203784376172e-02
7.824909724459705885e-04 1.791566650178150547e-02
7.824106919545349963e-04 1.790978554350353136e-02
7.824093720776933861e-04 1.790969546668088122e-02
7.824006310010242623e-04 1.790939161188406098e-02
7.823740930180632640e-04 1.790818937651203827e-02
7.823703886355457340e-04 1.790818871991016817e-02
7.823225891171229317e-04 1.790640680331886600e-02
7.823119594728704558e-04 1.790630534322314518e-02
7.823025650608756050e-04 1.790621396943140042e-02
7.823024906116856280e-04 1.790617509445825012e-02
7.822850278726128231e-04 1.790393994983821568e-02
7.822660294423694352e-04 1.790340954201694729e-02
7.822638553634181716e-04 1.790270198055942882e-02
7.822587316123134600e-04 1.790131837712261725e-02
7.822552889313081704e-04 1.790093586940902370e-02
7.822362226041301800e-04 1.790011967103155924e-02
7.822103307380448957e-04 1.789919489734001848e-02
7.822100037043179738e-04 1.789919336850631648e-02
7.822073415057289019e-04 1.789916938755690967e-02
7.821835767041681329e-04 1.789906388095792444e-02
7.821816743263704155e-04 1.789903939444074596e-02
7.821773495829122081e-04 1.789885882165113962e-02
7.821746511710341498e-04 1.789877635862368449e-02
7.821649455210005937e-04 1.789860992036983872e-02
7.821140616204438683e-04 1.789766641429713437e-02
7.821045857624241799e-04 1.789715432683839508e-02
7.820955890198505933e-04 1.789608306435978499e-02
7.819868950168638215e-04 1.789194562250374584e-02
7.819842454646790727e-04 1.789189779379615416e-02
7.819550091973559609e-04 1.789151477665007484e-02
7.819503083884186490e-04 1.789114711828440618e-02
7.819423513265014083e-04 1.789031141902169483e-02
7.818718902663443233e-04 1.788788108628719745e-02
7.818366694574445039e-04 1.788770391995868347e-02
7.818284248762376364e-04 1.788758355282456594e-02
7.817643176358193445e-04 1.788372425434132940e-02
7.815866898915872383e-04 1.787698141112421119e-02
7.815855660647348050e-04 1.787669444848578870e-02
7.815477417032146374e-04 1.787430380938956342e-02
7.815354699858470923e-04 1.787346376648181120e-02
7.814904682493474183e-04 1.787093498091098243e-02
7.814243931875576718e-04 1.786844581632117054e-02
7.814199194740810688e-04 1.786844156041856799e-02
7.814185900580748615e-04 1.786834645284240616e-02
7.814168558732873361e-04 1.786833370589788889e-02
7.814168191608154065e-04 1.786828306127111188e-02
7.813715569324823336e-04 1.786698769944335477e-02
7.813233147439456417e-04 1.786549994112572592e-02
7.813222322901352450e-04 1.786549262579053068e-02
7.813081352428943383e-04 1.786399315118019498e-02
7.812814728595682224e-04 1.786195724610327440e-02
7.812261870920119040e-04 1.786040912017658119e-02
7.811330983681242374e-04 1.785679213580814231e-02
7.811265917980509278e-04 1.785644876847468365e-02
7.811265658674821461e-04 1.785640043248296061e-02
7.811152810137001346e-04 1.785609361724562263e-02
7.811123232126194679e-04 1.785608578405725386e-02
7.811119573080761496e-04 1.785608240042495243e-02
7.810990770780099329e-04 1.785556090380825689e-02
7.810653555334168925e-04 1.785346423176436756e-02
7.810568870130944015e-04 1.785320009454626974e-02
7.810351801826677419e-04 1.785270961643618468e-02
7.810348816672474598e-04 1.785260178358291649e-02
7.810346457807381326e-04 1.785258943581840077e-02
7.809849043395827948e-04 1.785020725230247740e-02
7.809834380045085987e-04 1.785020484113631831e-02
7.809821541306740961e-04 1.784982846812320154e-02
7.809788020796223267e-04 1.784969145994921846e-02
7.809402716951990408e-04 1.784869088141217974e-02
7.809351136538141870e-04 1.784864104400825727e-02
7.809349906573242409e-04 1.784848394466896984e-02
7.809001861319621188e-04 1.784571225559019453e-02
7.809000917615457980e-04 1.784570769652867733e-02
7.808997418118707656e-04 1.784566480609608985e-02
7.808983727288312283e-04 1.784566478721127253e-02
7.808823755745341417e-04 1.784545686047792415e-02
7.808732500473320858e-04 1.784479851603937295e-02
7.808706438190731640e-04 1.784468300044733668e-02
7.808677614617820593e-04 1.784459680037434395e-02
7.808527746843063524e-04 1.784326236150713188e-02
7.808374573826094801e-04 1.784245216194173603e-02
7.808137621844182200e-04 1.784077297514178109e-02
7.808099555950719691e-04 1.784045874472844559e-02
7.808099555872417526e-04 1.784043567551637718e-02
7.808091994886730150e-04 1.784043349413182503e-02
7.808091954780699675e-04 1.784042939016821858e-02
7.808004156602063464e-04 1.783997270653728956e-02
7.807955840501092006e-04 1.783965928012462912e-02
7.807897972890789906e-04 1.783831547635566020e-02
7.807875017319210013e-04 1.783808550992969574e-02
7.807755086046873827e-04 1.783734675424208937e-02
7.807701000416470251e-04 1.783682335379974462e-02
7.807509532890759101e-04 1.783600278311871581e-02
7.807480700105501456e-04 1.783561272169267853e-02
7.807385268737773590e-04 1.783522530194572506e-02
7.807327629212057214e-04 1.783482924294071265e-02
7.807091698410304360e-04 1.783221712040729268e-02
7.807052535823160886e-04 1.783188733952126293e-02
7.806940033899840026e-04 1.783088225539047889e-02
7.806929369071478235e-04 1.783086106231459786e-02
7.806926790623946793e-04 1.783084313357892470e-02
7.806537501565699675e-04 1.782897956316744151e-02
7.806534144399197416e-04 1.782885283975466431e-02
7.806454640638132601e-04 1.782801688358364930e-02
7.806013014199402389e-04 1.782708935529986674e-02
7.805999651099005104e-04 1.782693567506364249e-02
7.805891593561880117e-04 1.782643534751716247e-02
7.805762541026128138e-04 1.782623465029495660e-02
7.805690638985968632e-04 1.782617704326365515e-02
7.805659916692941989e-04 1.782570106646461441e-02
7.805450635078498055e-04 1.782474990249573524e-02
7.805042058189670196e-04 1.782288118931011842e-02
7.805022129554763620e-04 1.782274050748140423e-02
7.805011238009809281e-04 1.782255264124384814e-02
7.804670656704011580e-04 1.782088025732983874e-02
7.804546236228472426e-04 1.781986997442267656e-02
7.804512737234020571e-04 1.781980208607554517e-02
7.804453159581792700e-04 1.781905136487240207e-02
7.804432091784344700e-04 1.781863358300878747e-02
7.804250855797768361e-04 1.781835300515331386e-02
7.804223975820065049e-04 1.781834137919571445e-02
7.803996105381464949e-04 1.781744689356429961e-02
7.803987233455696041e-04 1.781730008212260852e-02
7.803954217600485689e-04 1.781698078928496340e-02
7.802838507641275461e-04 1.781097665554625883e-02
7.802828539708231816e-04 1.781074239608008633e-02
7.802824841197167349e-04 1.781038566895273498e-02
7.802816989880886206e-04 1.781033926624664768e-02
7.802695209711370998e-04 1.780928697770989971e-02
7.802687076482045514e-04 1.780920660345111650e-02
7.802620181277132973e-04 1.780895742847109220e-02
7.802458362704998377e-04 1.780863888598997052e-02
7.802437476592432360e-04 1.780857778011109976e-02
7.802346923289921882e-04 1.780845669869334652e-02
7.802342479552592820e-04 1.780845206506974018e-02
7.801970463524417936e-04 1.780677820651432181e-02
7.801946527701341750e-04 1.780668813317804952e-02
7.801918314045015171e-04 1.780643511147493238e-02
7.801522889103206827e-04 1.780481208950634303e-02
7.801509625786430579e-04 1.780473875012830373e-02
7.801442817593906435e-04 1.780447055593760777e-02
7.801166148744308540e-04 1.780362528094315069e-02
7.801019949900221814e-04 1.780340854622595656e-02
7.801004029890406177e-04 1.780340846287232354e-02
7.800977633776635944e-04 1.780332660165834247e-02
7.800804317965737015e-04 1.780269360782394880e-02
7.800744294522546406e-04 1.780243323412759870e-02
7.800735077226193153e-04 1.780228407930295811e-02
7.800734325450365148e-04 1.780228098414303115e-02
7.800730487171827912e-04 1.780210448700274978e-02
7.800718927021035561e-04 1.780208864278020470e-02
7.800693831672638563e-04 1.780194756057817268e-02
7.800692791485304509e-04 1.780194743946878280e-02
7.800632106476528601e-04 1.780154239286993109e-02
7.800608240091118752e-04 1.780127582613447862e-02
7.800348871084459255e-04 1.780073289679696968e-02
7.800348069711607714e-04 1.780073004874961271e-02
7.800336432699983211e-04 1.780064481207703844e-02
7.799948175120679150e-04 1.779885765323908561e-02
7.799947915186514029e-04 1.779885196364877631e-02
7.799923013397769929e-04 1.779872389041985484e-02
7.799881791425439118e-04 1.779847863464911750e-02
7.799853974080171596e-04 1.779829963666511652e-02
7.799835302995079085e-04 1.779822496659506925e-02
7.799830719238666455e-04 1.779805126934222784e-02
7.799807634858597081e-04 1.779799561212796338e-02
7.799766686002972387e-04 1.779796192774434765e-02
7.799734171613768342e-04 1.779781589645703863e-02
7.799641324226015996e-04 1.779741874842412017e-02
7.799610999014624504e-04 1.779729802540742228e-02
7.799458462158049893e-04 1.779619586854160745e-02
7.799454674119635049e-04 1.779609877599929238e-02
7.799386476693274430e-04 1.779575327361569009e-02
7.799376247702861486e-04 1.779558985445228031e-02
7.799360576662010868e-04 1.779537592587933370e-02
7.799360203641773123e-04 1.779537000208666550e-02
7.799163927271414616e-04 1.779377791939989670e-02
7.799161891987125422e-04 1.779374383110885610e-02
7.799066176668576801e-04 1.779341689268518212e-02
7.799026183680560480e-04 1.779309511491416335e-02
7.798989896081566031e-04 1.779300638895867093e-02
7.798972449084477874e-04 1.779286913718030119e-02
7.798904380085940101e-04 1.779282312202219024e-02
7.798901158048164627e-04 1.779257089410747270e-02
7.798892112492579682e-04 1.779244783253575157e-02
7.798847534521580888e-04 1.779227325055073722e-02
7.798698645890820604e-04 1.779194583543984923e-02
7.798681244871097156e-04 1.779194148841723236e-02
7.798587341694880343e-04 1.779145630286942462e-02
7.798431915446849601e-04 1.779088363591442221e-02
7.798424197913194278e-04 1.779079508772321572e-02
7.798415699919768792e-04 1.779077440625133691e-02
7.798415488678358144e-04 1.779075344057863550e-02
7.798099876389313727e-04 1.778936433692146490e-02
7.798082971497441538e-04 1.778935452408599363e-02
7.798074669185632579e-04 1.778929328286437198e-02
7.798068727445948761e-04 1.778928517688845370e-02
7.798064589700369649e-04 1.778926946589205749e-02
7.798035592446158140e-04 1.778899522158014154e-02
7.798006328380789045e-04 1.778893165027158746e-02
7.798006261173328745e-04 1.778884736348448556e-02
7.797992504150974774e-04 1.778875103082076109e-02
7.797987645256970399e-04 1.778872578738354901e-02
7.797971385600885753e-04 1.778861025569920470e-02
7.797953341572754285e-04 1.778848418939230416e-02
7.797952033894922164e-04 1.778846280375475167e-02
7.797951154573000898e-04 1.778841927536807879e-02
7.797947357076155921e-04 1.778828827306259616e-02
7.797945927817843742e-04 1.778827939228793537e-02
7.797858582142682760e-04 1.778791653471198733e-02
7.797858305891865833e-04 1.778776236119107915e-02
7.797799046499261262e-04 1.778765539582225635e-02
7.797721153342271685e-04 1.778753914913868903e-02
7.797716780891985732e-04 1.778752650162462520e-02
7.797716772068609675e-04 1.778752649108274880e-02
7.797645690914528464e-04 1.778696764348021084e-02
7.797642931325381643e-04 1.778692145599894761e-02
7.797609045654621410e-04 1.778670151832243557e-02
7.797592899911777583e-04 1.778668857212284057e-02
7.797541281133396141e-04 1.778653999773799343e-02
7.797530938846893023e-04 1.778653995422800269e-02
7.797526804739781476e-04 1.778653970356434966e-02
7.797523073042507153e-04 1.778641254509159136e-02
7.797522834901653545e-04 1.778636448418299473e-02
7.797520530771227592e-04 1.778604303103771545e-02
7.797508523050891965e-04 1.778594564646901813e-02
7.797382831125992085e-04 1.778510287910795712e-02
7.797309823134200221e-04 1.778484383706643510e-02
7.797298702468834003e-04 1.778484304215275855e-02
7.797201321380907478e-04 1.778446526854561560e-02
7.797097147336761727e-04 1.778380842411809645e-02
7.797025460095376691e-04 1.778334964693620290e-02
7.797004808645744290e-04 1.778312182755371548e-02
7.796983642190028320e-04 1.778312132412290109e-02
7.796853122977177560e-04 1.778298945225945116e-02
7.796852636308904605e-04 1.778298942599837451e-02
7.796610165644751213e-04 1.778135864125287083e-02
7.796603707774060104e-04 1.778129936179600329e-02
7.796603140318219757e-04 1.778126357468482951e-02
7.796602621698993417e-04 1.778125673127995549e-02
7.796594935516974875e-04 1.778123982644783455e-02
7.796538655786130687e-04 1.778055523098976201e-02
7.796538233091625421e-04 1.778055282055454600e-02
7.796495520973932905e-04 1.778025567700977985e-02
7.796487826320619950e-04 1.778023762768615734e-02
7.796367260312919451e-04 1.777967462319157352e-02
7.796365288286718261e-04 1.777954801934483395e-02
7.796250716453270854e-04 1.777907624992869362e-02
7.796250710547502358e-04 1.777907559766178994e-02
7.796246959716998963e-04 1.777906261159790946e-02
7.796246404502638148e-04 1.777906257352724131e-02
7.796241621126994868e-04 1.777901611598137893e-02
7.796235741286978299e-04 1.777901610085603351e-02
7.796232249075604704e-04 1.777884899513995642e-02
7.796231272809658365e-04 1.777884843128897663e-02
7.796217694868710132e-04 1.777874347381462952e-02
7.796215402239937758e-04 1.777864632269236800e-02
7.796189048809667489e-04 1.777855289963507432e-02
7.796186818784762518e-04 1.777853905674393539e-02
7.796132343120191870e-04 1.777841299656629168e-02
7.796125790589768234e-04 1.777841202864731407e-02
7.796121868786449940e-04 1.777840782076623230e-02
7.796034943676024339e-04 1.777811671457252968e-02
7.795917104535794815e-04 1.777723127985750273e-02
7.795913705767774319e-04 1.777720453800635952e-02
7.795897638296598068e-04 1.777706658337178600e-02
7.795777401997588474e-04 1.777659048472451583e-02
7.795776873297597786e-04 1.777657359581251081e-02
7.795758888421342424e-04 1.777635545709754794e-02
7.795734456853104736e-04 1.777621459358899245e-02
7.795683403603670750e-04 1.777603650453978001e-02
7.795683365291891870e-04 1.777601456162958629e-02
7.795680034686535472e-04 1.777598101781598106e-02
7.795649825978886397e-04 1.777593864562777501e-02
7.795649045308374438e-04 1.777593154454575053e-02
7.795648993555838804e-04 1.777586434094230103e-02
7.795648817549570867e-04 1.777575374214276221e-02
7.795644949153865107e-04 1.777574461134463074e-02
