1.890927551938017714e+05 1.486962705970352292e+08
1.394760544349877120e-03 1.197047208292118109e-01
1.394718726536260710e-03 7.754337501994405801e-02
1.061846133614936360e-03 7.746719198565953091e-02
1.051359760187841686e-03 7.745750707217272102e-02
1.051319060901397852e-03 7.650108294187966951e-02
1.045854507348260983e-03 7.618153369554955812e-02
1.040930390616299746e-03 7.484250905434493284e-02
1.032454644988837003e-03 7.454973323214700298e-02
1.028482332819523944e-03 7.454592745295759992e-02
1.025200369539480813e-03 7.366141426504012324e-02
1.025178011994362605e-03 7.352526726977252902e-02
1.020640931066566035e-03 7.352245892985487252e-02
1.017180525009413888e-03 7.129598685624249921e-02
9.986441308668710798e-04 7.070427762863375210e-02
9.877803034638945896e-04 6.836637405345973029e-02
9.832275321048815700e-04 6.745428931074962109e-02
9.827132485654142043e-04 6.712135361667349864e-02
9.782479335032788145e-04 6.680196295166776488e-02
9.782478137708686301e-04 6.669740223411727009e-02
9.771956320305938068e-04 6.635573872125685724e-02
9.622401694761098523e-04 6.265988021224631888e-02
9.619746837628444019e-04 6.265103326621086766e-02
9.351878552144969603e-04 5.467607040484883524e-02
9.325239663834449357e-04 5.298969185042273072e-02
9.318027813611654605e-04 5.124215642156707690e-02
9.286132611043802039e-04 5.121593265537412870e-02
9.235566925951665127e-04 4.874461010835834385e-02
9.212685926377852438e-04 4.432092820346290873e-02
9.207604034162380916e-04 3.873297563157682838e-02
9.197420694878146764e-04 3.872261971770029482e-02
9.182182563391638134e-04 3.667087885099674927e-02
9.148579383975384257e-04 3.182228391072917939e-02
9.144878724745608744e-04 2.763258982202026690e-02
9.106062999553352034e-04 2.742581004181576104e-02
9.104893496344110531e-04 2.713944720200730382e-02
9.098604174122852575e-04 2.707923346733129288e-02
9.092166589291645045e-04 2.688134166275503445e-02
9.089562528606798123e-04 2.687889801542205082e-02
9.089307778276857919e-04 2.648072394348304284e-02
9.071586462996951081e-04 2.647166150791272279e-02
9.059047697399219947e-04 2.646768238215160829e-02
9.053279606961551563e-04 2.631096260068545994e-02
9.038506341997992180e-04 2.629067333382084301e-02
9.038257132725060821e-04 2.601583062258793974e-02
9.037112640669044865e-04 2.601579839920773254e-02
9.037006355772197715e-04 2.601523510152668056e-02
9.031349179612521401e-04 2.591211640997613877e-02
9.030818057620636479e-04 2.590362831169387009e-02
9.029453320479799818e-04 2.582673291558063022e-02
9.028216351523796332e-04 2.549596602225962308e-02
9.018513335954332416e-04 2.542946487792780569e-02
9.018507675678586041e-04 2.493232980976340177e-02
9.018233502272738874e-04 2.482033865028068428e-02
9.007980285521673212e-04 2.480925524766450230e-02
9.004888299226030410e-04 2.420617656902948264e-02
8.994481893006750278e-04 2.394894687913332390e-02
8.987065043426852202e-04 2.356265428937474177e-02
8.982360779823403765e-04 2.328035841355169736e-02
8.980739570979179472e-04 2.325963840851532141e-02
8.974403053421037063e-04 2.325231261111562406e-02
8.969279529917796199e-04 2.316281057151023393e-02
8.958868171272819968e-04 2.316201025458902371e-02
8.954268536681871940e-04 2.308878956954572154e-02
8.953875593680675829e-04 2.281017238613222697e-02
8.948562837483980134e-04 2.280976059399496617e-02
8.943265419899174397e-04 2.265478109030798562e-02
8.943196244714373159e-04 2.260288786619634241e-02
8.942371560666749746e-04 2.255772478822588509e-02
8.928409588000895585e-04 2.254769705245575004e-02
8.925059480694850405e-04 2.254679996189966687e-02
8.924412774338101942e-04 2.247939131851538555e-02
8.922095629125513516e-04 2.223692338542780991e-02
8.920990173017363627e-04 2.211230672641215089e-02
8.919662709591897687e-04 2.206468879525493379e-02
8.918242049798333912e-04 2.196838620352831520e-02
8.913881495141585520e-04 2.188140130289857252e-02
8.903983751735088320e-04 2.186452491296633771e-02
8.902253865092603835e-04 2.185602611068192258e-02
8.900162186144710197e-04 2.167234903989023742e-02
8.899714029273228348e-04 2.167222656780449369e-02
8.898652553810860620e-04 2.167214626610689671e-02
8.886236901924045913e-04 2.151549549121591770e-02
8.878538734793877491e-04 2.150622649202891742e-02
8.877663029330093089e-04 2.148539652051847937e-02
8.857507662148204680e-04 2.141558779952421748e-02
8.831548695271817379e-04 2.139198813858251766e-02
8.831546037766021011e-04 2.135577959179491350e-02
8.818206328632619689e-04 2.134322585899235333e-02
8.817269233824216257e-04 2.125065617917137190e-02
8.808046429614626140e-04 2.120549313021345694e-02
8.803064731284190089e-04 2.120179496034329397e-02
8.792251082344293119e-04 2.120175782701484365e-02
8.785329018311309425e-04 2.120077485206810913e-02
8.766473197055537356e-04 2.111133435243829279e-02
8.766293992551525650e-04 2.110521017964519380e-02
8.747282858493103316e-04 2.100559533894899925e-02
8.747268525568833129e-04 2.099916900072605966e-02
8.674835241954712657e-04 2.094264973951973433e-02
8.645357608724216431e-04 2.092452265617322435e-02
8.645340141979609766e-04 2.074897956941286481e-02
8.643565417331029732e-04 2.074400702405053074e-02
8.632182487369900042e-04 2.068153169092332849e-02
8.630515266538357636e-04 2.067544528697906614e-02
8.630512402808428445e-04 2.065415756021674737e-02
8.629502012307852053e-04 2.062404496391990680e-02
8.628733527947059960e-04 2.061860265696997471e-02
8.624221715601493917e-04 2.060770050114605831e-02
8.617881619532579297e-04 2.057467169279115701e-02
8.615657366616721012e-04 2.044846211182678800e-02
8.606544530909926525e-04 2.044615337061901281e-02
8.580154176158914705e-04 2.037815075251403832e-02
8.579630357665925938e-04 2.037561689971124912e-02
8.573393138467540718e-04 2.037314822067873288e-02
8.573139222616840780e-04 2.036789464813142103e-02
8.567275661892057069e-04 2.036563863644299741e-02
8.559999135404667723e-04 2.035307987232156182e-02
8.559593370348325464e-04 2.035303882544788751e-02
8.559092851010060296e-04 2.034191013724291619e-02
8.551062031979566247e-04 2.033355188639206571e-02
8.549683136260384465e-04 2.033222583231267602e-02
8.547957969765424772e-04 2.033217495985966891e-02
8.546849146287432714e-04 2.031429178213122258e-02
8.540286107707313569e-04 2.031039910728750508e-02
8.529443901505979293e-04 2.030528316256240487e-02
8.500671464567355513e-04 2.018057558617942712e-02
8.493641296835331396e-04 2.016075746427815896e-02
8.489250312317363212e-04 2.015935756156964770e-02
8.487645741887676117e-04 2.015755619746813568e-02
8.486744949351723811e-04 2.015455376927514572e-02
8.472379375439024638e-04 2.005808399413478924e-02
8.462240679909345184e-04 2.005470943289006797e-02
8.441570429925972230e-04 2.004558254047244040e-02
8.439914552853260317e-04 2.002133182326907082e-02
8.436039644678787778e-04 2.001476170827039963e-02
8.435981405064476050e-04 2.001335913886497994e-02
8.435965321134066735e-04 2.000487884820648099e-02
8.435839853596077817e-04 2.000392193199577659e-02
8.427371135169451711e-04 1.991536349224192967e-02
8.427042747063491403e-04 1.990464314204988885e-02
8.425905041949774844e-04 1.986446912485392846e-02
8.424183413540045759e-04 1.985762650896991804e-02
8.424073920897627707e-04 1.985249476291243986e-02
8.422425366681192231e-04 1.985228914225465116e-02
8.417147243976348930e-04 1.984705695418579469e-02
8.413946987349778380e-04 1.984642045891300485e-02
8.405225984465495995e-04 1.984429496167359336e-02
8.405094719848868554e-04 1.984051645175661724e-02
8.399946562304309383e-04 1.976011002988350626e-02
8.399717522536894734e-04 1.975730714436679455e-02
8.375900874132673072e-04 1.974629699451133438e-02
8.374051562854775569e-04 1.974486705335664824e-02
8.371300887771165747e-04 1.974177559768526199e-02
8.371017682031364456e-04 1.972061457999730108e-02
8.370979864917448172e-04 1.971989681418971976e-02
8.370977333836174782e-04 1.971171439786484694e-02
8.362045087937870552e-04 1.970100410889438075e-02
8.362021388668613433e-04 1.969222943988230626e-02
8.359493693281353508e-04 1.968786917716678839e-02
8.354675811952434099e-04 1.967863972222805985e-02
8.354366200659905798e-04 1.966042480553421845e-02
8.350646002116280655e-04 1.964714230776194379e-02
8.350026465357328819e-04 1.964710376256327204e-02
8.349271428456006474e-04 1.964638607601743719e-02
8.345748143951706947e-04 1.963355470003811179e-02
8.345634851522827939e-04 1.959449231198398880e-02
8.340064008170970525e-04 1.956815720002175879e-02
8.321184959005576689e-04 1.952702831419512661e-02
8.283946818339782588e-04 1.949576003704708502e-02
8.272196323854593423e-04 1.945748919429359652e-02
8.269959396895045596e-04 1.945675442801238220e-02
8.266869005564641236e-04 1.945221166966747128e-02
8.258792778916550659e-04 1.939381482788182093e-02
8.238882396251544053e-04 1.935265775693350426e-02
8.237098116369496494e-04 1.935258819762439297e-02
8.232293044003432311e-04 1.935219292886245987e-02
8.230719237188596294e-04 1.934164684391701319e-02
8.230713555185295268e-04 1.933855566147021227e-02
8.228246853242193520e-04 1.932466706755408062e-02
8.227366204866003781e-04 1.931638916214553636e-02
8.226005469112237112e-04 1.931579818880761051e-02
8.225705278552653639e-04 1.931511845190991838e-02
8.224710676632886750e-04 1.931342079221647079e-02
8.224563484051069032e-04 1.931041942879964043e-02
8.214980441782228620e-04 1.929834053320743717e-02
8.213466646734266831e-04 1.929328686955362332e-02
8.213353525930914114e-04 1.928995765612006100e-02
8.212663467924820673e-04 1.928614329611742437e-02
8.211003336304135069e-04 1.927112021114293222e-02
8.207974037032196796e-04 1.927082945211307241e-02
8.207258637852556842e-04 1.927074343925500033e-02
8.200683523277115710e-04 1.924768055352085380e-02
8.194031101087687974e-04 1.923470218814784041e-02
8.193994934796773209e-04 1.923460984615755348e-02
8.192968700846706099e-04 1.923032343350110362e-02
8.188332568617105430e-04 1.922906075240786786e-02
8.188330210076188607e-04 1.922892247411904856e-02
8.181852307558843719e-04 1.921004040744421146e-02
8.176607168303670929e-04 1.920994387076972731e-02
8.174339885107852763e-04 1.920871567835122362e-02
8.171121199210649869e-04 1.920182867289921616e-02
8.167085988227705323e-04 1.920007465248442860e-02
8.165342504146482720e-04 1.919653632788489647e-02
8.164409150691696176e-04 1.919089744981508291e-02
8.161926359260375042e-04 1.917851518599798799e-02
8.161920980676262661e-04 1.917071042804868383e-02
8.161180553540910024e-04 1.915239440056550752e-02
8.157333371737937860e-04 1.913645754702977819e-02
8.155598548539061843e-04 1.913639114826788321e-02
8.155565002639714655e-04 1.912694446425247663e-02
8.154825478551896772e-04 1.912515878916033751e-02
8.146893289708739307e-04 1.912497726221291938e-02
8.146484798899026204e-04 1.910432583991621830e-02
8.145310932487032042e-04 1.910389689637707195e-02
8.142788368779206804e-04 1.910129919334674006e-02
8.142787959274481752e-04 1.909566964208522441e-02
8.139913552274681205e-04 1.908884350814446171e-02
8.139722487118003329e-04 1.907739664120441936e-02
8.132569665425552416e-04 1.905580521878984940e-02
8.131557331518350076e-04 1.904451310855404325e-02
8.131436885382866114e-04 1.904429452634102959e-02
8.130419752932315077e-04 1.904394742094670662e-02
8.130391699234740472e-04 1.904166145558365553e-02
8.130377014958337133e-04 1.902759287173025338e-02
8.121445737909019401e-04 1.896899228132762488e-02
8.121329322173428391e-04 1.896800389270736353e-02
8.117835091785527857e-04 1.895914862505200180e-02
8.113264315523614637e-04 1.893757756532870110e-02
8.109836058679704149e-04 1.893730973685895519e-02
8.109571472011359999e-04 1.893730747898508468e-02
8.109557450953394078e-04 1.893723389913297764e-02
8.108528540407450606e-04 1.893145354069633232e-02
8.107842359786283969e-04 1.893037268226455822e-02
8.107838281945413004e-04 1.893000151942680551e-02
8.102255058648450510e-04 1.892012250867144280e-02
8.101579759775723484e-04 1.891551071115048221e-02
8.100342279768054602e-04 1.890813910275932624e-02
8.100253592218014179e-04 1.890664581743319028e-02
8.097415652062790216e-04 1.889961724163618378e-02
8.097405922886512664e-04 1.889410710351187642e-02
8.097399418913832142e-04 1.889341645986685261e-02
8.096098194780135303e-04 1.888226079836594420e-02
8.095319567964829157e-04 1.888225923249655866e-02
8.095212465711593272e-04 1.887859894971486222e-02
8.094352123487821718e-04 1.887736914386781151e-02
8.093650503121061933e-04 1.885950261699931296e-02
8.091247260607951864e-04 1.885842549983073740e-02
8.089643628325741140e-04 1.885541791682329715e-02
8.089399876193871519e-04 1.885210836068227855e-02
8.087198011477520409e-04 1.885042722055573633e-02
8.080223800411958160e-04 1.884972002482255410e-02
8.079868772009571754e-04 1.884906926423583762e-02
8.078504118039441743e-04 1.884564209343056809e-02
8.067024605548067098e-04 1.882069237821492463e-02
8.065309483937472884e-04 1.881949806488045565e-02
8.064954949531120878e-04 1.881714030917987571e-02
8.064523768794919526e-04 1.881709498381844634e-02
8.058599181972325720e-04 1.879685217987690435e-02
8.056778944285050877e-04 1.879498909382283992e-02
8.052629106965130497e-04 1.879449050150144851e-02
8.052625713931557206e-04 1.879339599202263858e-02
8.050272460618110521e-04 1.879264613025223921e-02
8.049672836115103272e-04 1.878486654738319162e-02
8.048522995782948948e-04 1.877428229639437063e-02
8.044773681138307070e-04 1.877427002138595813e-02
8.044491338803185562e-04 1.877313856526675873e-02
8.039539528227556374e-04 1.877312401738159831e-02
8.038512138102944056e-04 1.877206017182681680e-02
8.035251408624459772e-04 1.873806704286323094e-02
8.034951385864870033e-04 1.873634109929282060e-02
8.034939749729841417e-04 1.873588582820344406e-02
8.032609896363918003e-04 1.872409898496620734e-02
8.028057213059248964e-04 1.872236045140267605e-02
8.027216898097003011e-04 1.872168814344655693e-02
8.026602394858954864e-04 1.872084165923434615e-02
8.025892247268475192e-04 1.872033388661182782e-02
8.025152907659107620e-04 1.871929320632951393e-02
8.024788095490338440e-04 1.871594906851232337e-02
8.024786363915086332e-04 1.871594328449574865e-02
8.024540224460429338e-04 1.871205427091017157e-02
8.020373173284316712e-04 1.870484766448226102e-02
8.020373129244628366e-04 1.870232652362993631e-02
8.020283653612139251e-04 1.869690047871923333e-02
8.018864294482519429e-04 1.869270994905807351e-02
8.018711416540745453e-04 1.868610042115609327e-02
8.018711249610330650e-04 1.868515867846816045e-02
8.017426043749202634e-04 1.868392144700107768e-02
8.014413608971415574e-04 1.868157112402671349e-02
8.011315378294109552e-04 1.867730767924995205e-02
8.010904043344743925e-04 1.867710323699125347e-02
8.009173033557980036e-04 1.867130417618122207e-02
8.005691713383517082e-04 1.867022125728342793e-02
8.004432993151387211e-04 1.866922644420088498e-02
8.003428021436742937e-04 1.866857142981628165e-02
8.002258516324899009e-04 1.866797391840864517e-02
7.999104260729152614e-04 1.866334714706523873e-02
7.998613774011613387e-04 1.866310478828189096e-02
7.998503084662453386e-04 1.866292869199880425e-02
7.996803344991521055e-04 1.865797048321085616e-02
7.996595153828370836e-04 1.865731032106725251e-02
7.992554869818774754e-04 1.865730965071343839e-02
7.988644844756085436e-04 1.863975195868921436e-02
7.988166296289763877e-04 1.863268336768286390e-02
7.988116350376584917e-04 1.863261683790285242e-02
7.986576367088546197e-04 1.862953169496914599e-02
7.986571543063152642e-04 1.862894064371085553e-02
7.985303241969243923e-04 1.862498984537150001e-02
7.984989451732813544e-04 1.861916629782015692e-02
7.984677091142809366e-04 1.861495056373521639e-02
7.982522036602923525e-04 1.861281136966797325e-02
7.982522036406650406e-04 1.861278406893769957e-02
7.979043338137281746e-04 1.861274177744524569e-02
7.979039834140812682e-04 1.861246886406573223e-02
7.975716906747930312e-04 1.858081588618727339e-02
7.975680060650381384e-04 1.857802718446102327e-02
7.975670725904118741e-04 1.857785155339692143e-02
7.974758880641919173e-04 1.857266214437660809e-02
7.971003262694674116e-04 1.857071432483202097e-02
7.967954131545349882e-04 1.856778543776321788e-02
7.967661170580889922e-04 1.856778348356846048e-02
7.966947853849148985e-04 1.856608803785180992e-02
7.966604431870899245e-04 1.856569338679937842e-02
7.966087720519015496e-04 1.856451425816712034e-02
7.963676961804715343e-04 1.856120353281631719e-02
7.960479902100650162e-04 1.855624519316587812e-02
7.959479439936048301e-04 1.855175003067126988e-02
7.958583238532807632e-04 1.855134800816680279e-02
7.957860885728887564e-04 1.854719036222853348e-02
7.957825718140720903e-04 1.854540399295925845e-02
7.956155002680795167e-04 1.854540084291797855e-02
7.953254081839232319e-04 1.854225875021402528e-02
7.950919774071552601e-04 1.853811162979875082e-02
7.950877760325881106e-04 1.853799738988873291e-02
7.950797336250679977e-04 1.853730946925285020e-02
7.949079001531148859e-04 1.853166553753027648e-02
7.946421566561292843e-04 1.852788850400715823e-02
7.946326740996089008e-04 1.852788723293953554e-02
7.946326245716173837e-04 1.852773322675490761e-02
7.943126194734453395e-04 1.851371966663145283e-02
7.941382107760430005e-04 1.851149273764639280e-02
7.939841925549787635e-04 1.850345667861299018e-02
7.939809272275811852e-04 1.849973142638233065e-02
7.938228630374648612e-04 1.849297464579235939e-02
7.938197295563070464e-04 1.849190404514203592e-02
7.937885026840906660e-04 1.849131254925309720e-02
7.937486063519146864e-04 1.847453994136893582e-02
7.937437145733526036e-04 1.847327451643221777e-02
7.933976120810313061e-04 1.846783496110042042e-02
7.933336487111107777e-04 1.845871681273352979e-02
7.933171961900192890e-04 1.845868113654611578e-02
7.932805146707827115e-04 1.845754686575513601e-02
7.932793417891227531e-04 1.845705927359073822e-02
7.932696173254981040e-04 1.845644718979239096e-02
7.932686845592442195e-04 1.845514226024978083e-02
7.925388871129146690e-04 1.843656185177810700e-02
7.925142888105035296e-04 1.843597787842011365e-02
7.924905423701253436e-04 1.843436146464419445e-02
7.924788936350497456e-04 1.843018985449179983e-02
7.923190452392544960e-04 1.842696550337133421e-02
7.922776759518451468e-04 1.842179463297858449e-02
7.921601201486565182e-04 1.842037793503983195e-02
7.921465177535016132e-04 1.842010461414408939e-02
7.921438315265063234e-04 1.842005790024947923e-02
7.920943408689838866e-04 1.842000121287703032e-02
7.920669319218579495e-04 1.841874053658444990e-02
7.916933578001069229e-04 1.841454547597242558e-02
7.916710823012916261e-04 1.841452658496142009e-02
7.916618948929145813e-04 1.841434530834846692e-02
7.915625533275107584e-04 1.841420701385012779e-02
7.915591440289062621e-04 1.841212681849357241e-02
7.914541163859628537e-04 1.840484886548134774e-02
7.914290988390451989e-04 1.839522828455582640e-02
7.913981401497290763e-04 1.839417927672584718e-02
7.913900382323122784e-04 1.839415785190336508e-02
7.913329211307115882e-04 1.839094804609231817e-02
7.913229379187136257e-04 1.838780277964618959e-02
7.913058420264328053e-04 1.838780176703754682e-02
7.911877415194303303e-04 1.838753022483429270e-02
7.911707652361650188e-04 1.838749791293130265e-02
7.911663902413173903e-04 1.838472435480543316e-02
7.911556720865930677e-04 1.838224198614894431e-02
7.910853378949786723e-04 1.837698087828330482e-02
7.906547352218831672e-04 1.837116755924194170e-02
7.905777285350503109e-04 1.836424479152988162e-02
7.904870187975210306e-04 1.836303868711300705e-02
7.904836403918087282e-04 1.836128587110170962e-02
7.903601134294120645e-04 1.835287628951928762e-02
7.903435315363705740e-04 1.835174100210522005e-02
7.902722913917568188e-04 1.835164834011414683e-02
7.902441499071792856e-04 1.834324762389450900e-02
7.902098502714186446e-04 1.834278508037609848e-02
7.901997447220410892e-04 1.834271598335621839e-02
7.897815902368482540e-04 1.832304499048440297e-02
7.897754437802618262e-04 1.832219344296530383e-02
7.897616581564962518e-04 1.832216895064881293e-02
7.897449905976352711e-04 1.832184572038901213e-02
7.896826491775629352e-04 1.832183120822442057e-02
7.896818221514729629e-04 1.832077994822327999e-02
7.896765443945461590e-04 1.831520988217538379e-02
7.893263055372014671e-04 1.830619446544672763e-02
7.892191292025003361e-04 1.830271154528895911e-02
7.891969631888132511e-04 1.830158067929560026e-02
7.891963310816671115e-04 1.830156836618475336e-02
7.891837753370987193e-04 1.830025664120088144e-02
7.891776249545514980e-04 1.829938085834261971e-02
7.891596210853973024e-04 1.829900474631136406e-02
7.891595935342937598e-04 1.829803234462435910e-02
7.891519453920260371e-04 1.829753475470922292e-02
7.891518564727424256e-04 1.829522551644389289e-02
7.890799180109551612e-04 1.828862519852566398e-02
7.890493433877737283e-04 1.828618012219608568e-02
7.890060940871110144e-04 1.828617917501275739e-02
7.888820193753281378e-04 1.828078718815236842e-02
7.888806040314966369e-04 1.828077761128692885e-02
7.888648201463783430e-04 1.828076835145512821e-02
7.888383249742250865e-04 1.827878944166365371e-02
7.888323559493031802e-04 1.827846230000450267e-02
7.887957057689404814e-04 1.827797586702331958e-02
7.887823055666875376e-04 1.827766856780882812e-02
7.887292933268813967e-04 1.827456278445368718e-02
7.887245346115229986e-04 1.827446400201480914e-02
7.887225821477611507e-04 1.827446267522231035e-02
7.886304966693440154e-04 1.826977246734703617e-02
7.885851364829821013e-04 1.826920353338342545e-02
7.885718072514566078e-04 1.826571681564140640e-02
7.883884933359908750e-04 1.825991296419457455e-02
7.883865958995722777e-04 1.825989660259490915e-02
7.883854337910725695e-04 1.825988607523515439e-02
7.883815249688206923e-04 1.825988217204048414e-02
7.883300544330026569e-04 1.825986553571013957e-02
7.882920576258525564e-04 1.825970072198962804e-02
7.882632345727682037e-04 1.825957256809244630e-02
7.882280783904994708e-04 1.825879589253596655e-02
7.881508886580028102e-04 1.825877278517138574e-02
7.880524343554817270e-04 1.825318139724976460e-02
7.880337286028371840e-04 1.825295987278177309e-02
7.880049412321579955e-04 1.825192886928806574e-02
7.878726924270759713e-04 1.824560248496067544e-02
7.878342933506692286e-04 1.824284487461882640e-02
7.878212828926470972e-04 1.824282562747915962e-02
7.878150185628629218e-04 1.824198255268114424e-02
7.878047088463594524e-04 1.824026825150476538e-02
7.878046084961949679e-04 1.824019649399765894e-02
7.877949863095728327e-04 1.823980458925903922e-02
7.877923116456230944e-04 1.823974365929034377e-02
7.875600676723513126e-04 1.823801838107814988e-02
7.875383297651481927e-04 1.823572314509302322e-02
7.874902204967465773e-04 1.823556447350252810e-02
7.874539747187600481e-04 1.823428239109675317e-02
7.871519197767017821e-04 1.822458365064603264e-02
7.871349099268001295e-04 1.822391239285304360e-02
7.871185704341288145e-04 1.822206625276718422e-02
7.869503469600752730e-04 1.821557149772725856e-02
7.869221921296479239e-04 1.820946833143971544e-02
7.867934277829078792e-04 1.820798264510878339e-02
7.867509888611753585e-04 1.820600671673311757e-02
7.863493499860949986e-04 1.818218036961322809e-02
7.863373081827638306e-04 1.818181378185253910e-02
7.862860739885361907e-04 1.817577143234413647e-02
7.859012798368450849e-04 1.817144915399102056e-02
7.859011886627886075e-04 1.817093895686807195e-02
7.858412857268171113e-04 1.817029973470446133e-02
7.858397175730179145e-04 1.817005781932762298e-02
7.852125434415303589e-04 1.815568464408906513e-02
7.852059188064600343e-04 1.815402969357457832e-02
7.852056323924608543e-04 1.815397456695165904e-02
7.845611757064245876e-04 1.813796355973133767e-02
7.844808931426839943e-04 1.813404747479745172e-02
7.844702144083728944e-04 1.812776271335243480e-02
7.843856077982913708e-04 1.812582585099025562e-02
7.843761872909402839e-04 1.812578109396009024e-02
7.842566865180771894e-04 1.812344170087921633e-02
7.842300035401480107e-04 1.812077552122762572e-02
7.842073691850757209e-04 1.811804586341331930e-02
7.842063067332162660e-04 1.811794835754787850e-02
7.842063031865283661e-04 1.811794833174713154e-02
7.841880115606883949e-04 1.811593797021341865e-02
7.841571929280091334e-04 1.811472841565918424e-02
7.841321953124086004e-04 1.811458426617897771e-02
7.841044339837533253e-04 1.811226408350780775e-02
7.839156546300684062e-04 1.810671216222257962e-02
7.838404112528627680e-04 1.810382454160620186e-02
7.838324549730294518e-04 1.810309104861131807e-02
7.838318210076490426e-04 1.810309042550899139e-02
7.838207329142123526e-04 1.810048642919303771e-02
7.838056965377527630e-04 1.809896618381013483e-02
7.837769494799502008e-04 1.809807052810557745e-02
7.836247333011519146e-04 1.809463410468272609e-02
7.834498498089832470e-04 1.808563959650156053e-02
7.834280806249074337e-04 1.808560974995848322e-02
7.834254679979332954e-04 1.808559922047764043e-02
7.831575533890095669e-04 1.807750078170744512e-02
7.831450197896777741e-04 1.807669004714104743e-02
7.830877436427696693e-04 1.807668195456240551e-02
7.830499658632262758e-04 1.807501900657349642e-02
7.830467008067172607e-04 1.807397556450505635e-02
7.830448475070162732e-04 1.807381668481725101e-02
7.830367831538993448e-04 1.807350439438501488e-02
7.829915389752306826e-04 1.807293636290905128e-02
7.829886198998696955e-04 1.807232061056820299e-02
7.829881697810531270e-04 1.807099715544933233e-02
7.829325918928984815e-04 1.807029413683022140e-02
7.829204292211075413e-04 1.806836872578477735e-02
7.829007719067784072e-04 1.806829229429713843e-02
7.828190391116605527e-04 1.806704087486916271e-02
7.828111679513220225e-04 1.806676095537300061e-02
7.827877598554187780e-04 1.806388522386825207e-02
7.827843068127574022e-04 1.806270374173644944e-02
7.827736620795985650e-04 1.806139021805567429e-02
7.823698991987364021e-04 1.805524791476351143e-02
7.823487487603361613e-04 1.805344500821495779e-02
7.822748390328561167e-04 1.805308609460341135e-02
7.822648206133215069e-04 1.805288340707288802e-02
7.821891370442705460e-04 1.804265567671372444e-02
7.821820351094150225e-04 1.804213348691164481e-02
7.821811681105658980e-04 1.804185540908201726e-02
7.821796220162657853e-04 1.804018121390531249e-02
7.821794966687881621e-04 1.803992506130039364e-02
7.821388180197909410e-04 1.803983170716046483e-02
7.821307951167926322e-04 1.803898133847473689e-02
7.818186547446653737e-04 1.802980692344895164e-02
7.818033093540985128e-04 1.802923111856729460e-02
7.817690938340515067e-04 1.802903781367514585e-02
7.817574504247339724e-04 1.802880036697497579e-02
7.815898927571338041e-04 1.802398836154099973e-02
7.814984721530774227e-04 1.801964235755352389e-02
7.814567543779297326e-04 1.801857437001109716e-02
7.814502401833759489e-04 1.801846589191244408e-02
7.813334818308249625e-04 1.801232492111733488e-02
7.813136822125157054e-04 1.801128111295864295e-02
7.813130769732438106e-04 1.800884447548713185e-02
7.813052730643507953e-04 1.800845754153368103e-02
7.813032466615062264e-04 1.800837763622079382e-02
7.812850631393001557e-04 1.800533230932583120e-02
7.811479725055979094e-04 1.799537997996642283e-02
7.811368004347423420e-04 1.799333350802128847e-02
7.811317568899939440e-04 1.799314863685367444e-02
7.810729774754656459e-04 1.799221156037342575e-02
7.810615115149579894e-04 1.799171713510154882e-02
7.809433919738039808e-04 1.798901597807235284e-02
7.809130353952490645e-04 1.798535062764182804e-02
7.808309935127762157e-04 1.797967734962374609e-02
7.808255573764082309e-04 1.797967044012377391e-02
7.808254717069183911e-04 1.797884503483513502e-02
7.807782058948572459e-04 1.797865143001091751e-02
7.806821517312477823e-04 1.797765136013200135e-02
7.806407011278876070e-04 1.797487286859377961e-02
7.806048940152275802e-04 1.797000783429586121e-02
7.806011684573559367e-04 1.796963186164116447e-02
7.805855085163828462e-04 1.796960411659916101e-02
7.805843958713840330e-04 1.796959939310990850e-02
7.805840771120665890e-04 1.796956662404759764e-02
7.804870098453228636e-04 1.796520702321152338e-02
7.804848143543555595e-04 1.796427390097717069e-02
7.804833009439554126e-04 1.796356418312102660e-02
7.804805716883299847e-04 1.796330733932938184e-02
7.804645149175572965e-04 1.796226160806408539e-02
7.803484554951504309e-04 1.795614076782106952e-02
7.802969856565894263e-04 1.795608864506462177e-02
7.802969436521342821e-04 1.795551308426449055e-02
7.800742526411326904e-04 1.794916899393109860e-02
7.800727365031253410e-04 1.794845418650618807e-02
7.800689502540619335e-04 1.794814390301249438e-02
7.800394590726212295e-04 1.794514049714923329e-02
7.800366632302606525e-04 1.794491561077134895e-02
7.800365777734234079e-04 1.794476211845480798e-02
7.800130594095776001e-04 1.794294453313034429e-02
7.799656752759977479e-04 1.794230418827994986e-02
7.798735699826914083e-04 1.793892376388802126e-02
7.798722600669721113e-04 1.793810150244557269e-02
7.798466473146735975e-04 1.793728525666308735e-02
7.798332620345921166e-04 1.793727052824698950e-02
7.798321253401929200e-04 1.793713746712930976e-02
7.798183075769696921e-04 1.793652245334499684e-02
7.797804462477629086e-04 1.793551529990848256e-02
7.797763373023805077e-04 1.793543269559237305e-02
7.797426714842199420e-04 1.793507830914236115e-02
7.797376327880278877e-04 1.793507298292399896e-02
7.796977263384252633e-04 1.793299629693242275e-02
7.796864974982916155e-04 1.793276404635321328e-02
7.796188316436435334e-04 1.793259380436123401e-02
7.796185723029719827e-04 1.793251617011847043e-02
7.796085790173107625e-04 1.793250288748343690e-02
7.796063478405722801e-04 1.793249267312052933e-02
7.796037480742324657e-04 1.793244181951139313e-02
7.795425664598928115e-04 1.793153320342938395e-02
7.795314496219784032e-04 1.792992264101003069e-02
7.795260315254991202e-04 1.792983137511102235e-02
7.795025569517677506e-04 1.792721316660305514e-02
7.795021413189083493e-04 1.792561022323659395e-02
7.794893604511156414e-04 1.792338721103819629e-02
7.792626292110477063e-04 1.791281193096813662e-02
7.792605390280026153e-04 1.791263399042580806e-02
7.792594004861213989e-04 1.791263208345152125e-02
7.792578978399643730e-04 1.791220345398069139e-02
7.792559289899717197e-04 1.791217315439434105e-02
7.792380769680842725e-04 1.791192844447096755e-02
7.792288033854109048e-04 1.791123471555763208e-02
7.792240483819247877e-04 1.791121691666069590e-02
7.792039075703954777e-04 1.790996412748760772e-02
7.791993178933594817e-04 1.790950295841534784e-02
7.791979253609902269e-04 1.790935598770775419e-02
7.791862032762933302e-04 1.790932911886260540e-02
7.791480434310324400e-04 1.790778335024831303e-02
7.791092094190509455e-04 1.790569174676855113e-02
7.791046848226936428e-04 1.790563979920352725e-02
7.790914398288261225e-04 1.790519827874135356e-02
7.790358864700001320e-04 1.790400772720067424e-02
7.790171655494706289e-04 1.790289271307481458e-02
7.788274969888175610e-04 1.789588162254146173e-02
7.788228743903608756e-04 1.789481025362232858e-02
7.786915032765170074e-04 1.789080255996854454e-02
7.786732332773190282e-04 1.788994687345514187e-02
7.786192805336910380e-04 1.788898759960662679e-02
7.786053775842252016e-04 1.788846341054942460e-02
7.784042135063852161e-04 1.788180330626049433e-02
7.783513392276840718e-04 1.788046125871850522e-02
7.782855236298832479e-04 1.787637517388350125e-02
7.782545505819335940e-04 1.787391831919409035e-02
7.782501267240362914e-04 1.787344109119635982e-02
7.782397379393188232e-04 1.787316260346774599e-02
7.782313034729000179e-04 1.787287973737866631e-02
7.781544782751119828e-04 1.786712046664855336e-02
7.781531872951078779e-04 1.786703073616354234e-02
7.781447916773425334e-04 1.786673588980788527e-02
7.781192506063365402e-04 1.786556161888750230e-02
7.781156361482794662e-04 1.786556067719944144e-02
7.780697317452763993e-04 1.786382801541097978e-02
7.780587422957702982e-04 1.786372987244064237e-02
7.780495847148143854e-04 1.786364275837731483e-02
7.780494991743877554e-04 1.786360489398177917e-02
7.780318060291724347e-04 1.786133147248940983e-02
7.780130437110313558e-04 1.786080510671983479e-02
7.780107530846955017e-04 1.786007686489214305e-02
7.780059802169117782e-04 1.785870997003767210e-02
7.780026712567974026e-04 1.785833222089143815e-02
7.779838617741124604e-04 1.785751883122142780e-02
7.779576673850389619e-04 1.785657783856797742e-02
7.779573622536492972e-04 1.785657658215285964e-02
7.779545388375158112e-04 1.785655447027195350e-02
7.779305995245280317e-04 1.785644769475323856e-02
7.779287562589311256e-04 1.785642412027345013e-02
7.779247880133189188e-04 1.785625546444852274e-02
7.779218191570750653e-04 1.785616415377520166e-02
7.779127059466952676e-04 1.785601182990528835e-02
7.778625068645171961e-04 1.785508101213727911e-02
7.778532333467944775e-04 1.785457334338173829e-02
7.778449933154821423e-04 1.785353862786057122e-02
7.777389296877571575e-04 1.784946661843473878e-02
7.777364149289304161e-04 1.784942173248089264e-02
7.777081491831525951e-04 1.784905667226615450e-02
7.777035891973052345e-04 1.784869290395264471e-02
7.776960478686646824e-04 1.784787411633741508e-02
7.776278574223630634e-04 1.784550301371978787e-02
7.775928278237366617e-04 1.784532910208053852e-02
7.775850700220644438e-04 1.784521843152639745e-02
7.775227454875497301e-04 1.784140385140440752e-02
7.773509954268529275e-04 1.783481554660810292e-02
7.773498618466158708e-04 1.783452389508213831e-02
7.773133635965847688e-04 1.783217236558964219e-02
7.773017555132575229e-04 1.783135599432898732e-02
7.772589019814876189e-04 1.782889731316972606e-02
7.771939103309429215e-04 1.782642799029457784e-02
7.771894966746663086e-04 1.782642418414645200e-02
7.771882911100146205e-04 1.782633425464361793e-02
7.771866782072670617e-04 1.782632343800095998e-02
7.771866111839067842e-04 1.782626641503966616e-02
7.771423771040095662e-04 1.782499334831002744e-02
7.770942175777395544e-04 1.782349916823739236e-02
7.770930270555020123e-04 1.782349310350985969e-02
7.770799370910492533e-04 1.782203976936476073e-02
7.770551001211286387e-04 1.782007682510495031e-02
7.769994432991237602e-04 1.781850819362396435e-02
7.769080288729849314e-04 1.781492315694982800e-02
7.769013986312887660e-04 1.781457195488843348e-02
7.769013784513633270e-04 1.781452464169358887e-02
7.768899226878143993e-04 1.781421226522914361e-02
7.768867875298576938e-04 1.781420291648411550e-02
7.768863507363923645e-04 1.781419831914743054e-02
7.768736481013040424e-04 1.781368023041904683e-02
7.768409031231213136e-04 1.781160982724742242e-02
7.768324689547309288e-04 1.781134447595294698e-02
7.768109674294557294e-04 1.781085680892055892e-02
7.768106678435322777e-04 1.781074712141895305e-02
7.768104108864095974e-04 1.781073528163015091e-02
7.767613936141122772e-04 1.780836262061931061e-02
7.767597275184870984e-04 1.780836130105399942e-02
7.767584265712807997e-04 1.780797901268421982e-02
7.767550637253299844e-04 1.780784066615471312e-02
7.767170593257009380e-04 1.780684985873460732e-02
7.767121179425944249e-04 1.780680355318122257e-02
7.767119957861223127e-04 1.780664482195405685e-02
7.766778667459101016e-04 1.780388102076753756e-02
7.766777744207932575e-04 1.780387652896469816e-02
7.766774189140610235e-04 1.780383309586176105e-02
7.766760458730582973e-04 1.780383307029658260e-02
7.766604438453557401e-04 1.780363232182545150e-02
7.766515343260378982e-04 1.780297875057421098e-02
7.766489522080672865e-04 1.780286338112741992e-02
7.766461261752924134e-04 1.780277831167970809e-02
7.766315257741952978e-04 1.780145183790500865e-02
7.766162062092051401e-04 1.780063458584459773e-02
7.765933207208618790e-04 1.779897912339702820e-02
7.765895958826918776e-04 1.779866637574129690e-02
7.765895939807616584e-04 1.779864519210176341e-02
7.765887375380441321e-04 1.779864377432096093e-02
7.765887321193391509e-04 1.779863985282275490e-02
7.765801070952684394e-04 1.779818610091527323e-02
7.765754863011536946e-04 1.779787933943932296e-02
7.765699542068074928e-04 1.779654247408399975e-02
7.765675397073539292e-04 1.779630377260428553e-02
7.765559028115283976e-04 1.779557439023993909e-02
7.765507042074457035e-04 1.779505795357799736e-02
7.765321368968802502e-04 1.779425242354143108e-02
7.765292357847833858e-04 1.779385685972764350e-02
7.765200491136364964e-04 1.779347998370836570e-02
7.765143946515282126e-04 1.779308522781455210e-02
7.764911413413681102e-04 1.779046687933630300e-02
7.764874258563252141e-04 1.779014440868594005e-02
7.764765787623931648e-04 1.778915108664010786e-02
7.764755492980021526e-04 1.778913076807180776e-02
7.764752973808563717e-04 1.778911294282368993e-02
7.764375206027366401e-04 1.778727926142811833e-02
7.764372238344877759e-04 1.778715519562799191e-02
7.764296262692902545e-04 1.778633137978613207e-02
7.763865536784875015e-04 1.778542664517313715e-02
7.763851960821644901e-04 1.778527018425858988e-02
7.763747292819785876e-04 1.778477897068420424e-02
7.763619229083654422e-04 1.778457980713233841e-02
7.763546675039150304e-04 1.778452117264134325e-02
7.763516658695975188e-04 1.778404566671701673e-02
7.763309418625170041e-04 1.778309535410990683e-02
7.762911925431938706e-04 1.778125416557550451e-02
7.762892461437177066e-04 1.778111432226230776e-02
7.762882214109711326e-04 1.778092950934614946e-02
7.762551186282324548e-04 1.777928185129198924e-02
7.762428327565749735e-04 1.777826977875365116e-02
7.762396243761414665e-04 1.777820512156440269e-02
7.762338773065029229e-04 1.777745999933150189e-02
7.762318364463785796e-04 1.777704231876768570e-02
7.762139176021000874e-04 1.777676550362622052e-02
7.762112264473042256e-04 1.777675357592247568e-02
7.761891806231333577e-04 1.777587877051604870e-02
7.761883101067568180e-04 1.777573152320941624e-02
7.761850848172923865e-04 1.777541332456554490e-02
7.760761667929871920e-04 1.776946635043457137e-02
7.760751948975479556e-04 1.776923167681630777e-02
7.760748377921058419e-04 1.776887248127611771e-02
7.760740558211695964e-04 1.776882573101409152e-02
7.760622381003441260e-04 1.776778261900766043e-02
7.760614634238885466e-04 1.776770363393909147e-02
7.760550200180203317e-04 1.776746116625713134e-02
7.760391466514677313e-04 1.776714916228557331e-02
7.760370809728200665e-04 1.776708824820739246e-02
7.760281786413985531e-04 1.776697018617894377e-02
7.760277340836629857e-04 1.776696552736688889e-02
7.759914627631091548e-04 1.776531307830053405e-02
7.759890657553222349e-04 1.776522221766868234e-02
7.759863105203001132e-04 1.776497002051886237e-02
7.759478968163614375e-04 1.776337610609054346e-02
7.759465259014889293e-04 1.776330322616507043e-02
7.759399147284431770e-04 1.776303564216862030e-02
7.759127665571068739e-04 1.776220133046915381e-02
7.758985102182160013e-04 1.776199186791623322e-02
7.758968753608144189e-04 1.776199181379759656e-02
7.758943277483386228e-04 1.776191230733297627e-02
7.758775393858738682e-04 1.776129277965383252e-02
7.758717167576157422e-04 1.776103657700973601e-02
7.758708716733264113e-04 1.776089147056918519e-02
7.758707964602641789e-04 1.776088831366593943e-02
7.758704511206251323e-04 1.776071404734263365e-02
7.758693143548815296e-04 1.776069857292351256e-02
7.758668771999981334e-04 1.776055885249105612e-02
7.758667792398050078e-04 1.776055877051757256e-02
7.758609265605052570e-04 1.776016008609662689e-02
7.758586090130253779e-04 1.775989491178379953e-02
7.758330746480518155e-04 1.775936052377096938e-02
7.758329972472343978e-04 1.775935750094399801e-02
7.758318685619258791e-04 1.775927320077278979e-02
7.757940511711970601e-04 1.775750974654136463e-02
7.757940201096719633e-04 1.775750438114120922e-02
7.757915326032007591e-04 1.775737548778034969e-02
7.757874970722646469e-04 1.775713193711980081e-02
7.757847590368707486e-04 1.775695318126948100e-02
7.757829757064757178e-04 1.775688096568072902e-02
7.757825071569592577e-04 1.775670555433945391e-02
7.757802588173812663e-04 1.775665132369271329e-02
7.757761038502174276e-04 1.775661655180623549e-02
7.757728664917699218e-04 1.775646974745088286e-02
7.757639590073967754e-04 1.775608388829365281e-02
7.757610002734872078e-04 1.775596470084998824e-02
7.757460942324223303e-04 1.775486883585383063e-02
7.757457252154446566e-04 1.775477142279061754e-02
7.757390747307739854e-04 1.775443015337353422e-02
7.757380665254025830e-04 1.775426607326517289e-02
7.757365443653566799e-04 1.775405281968327545e-02
7.757365080071016231e-04 1.775404674550763728e-02
7.757173751692899352e-04 1.775246342005598957e-02
7.757171877950456680e-04 1.775242736835846644e-02
7.757078370884551302e-04 1.775210560371405163e-02
7.757038942115107019e-04 1.775178304751343084e-02
7.757003359064737957e-04 1.775169576505820912e-02
7.756986597156881238e-04 1.775156088641169361e-02
7.756920455863296595e-04 1.775151771582185456e-02
7.756917224923327902e-04 1.775126164084865968e-02
7.756908653875128380e-04 1.775114030028422316e-02
7.756864902599455280e-04 1.775096725961041594e-02
7.756718394973944729e-04 1.775064431895137518e-02
7.756701515322405368e-04 1.775064047904301862e-02
7.756609050976493456e-04 1.775015694500086533e-02
7.756457600711688096e-04 1.774959382766500005e-02
7.756449950593500512e-04 1.774950483439310597e-02
7.756441738610529713e-04 1.774948484054826581e-02
7.756441543630892893e-04 1.774946392293274416e-02
7.756134134036550337e-04 1.774809461084955395e-02
7.756117709220816496e-04 1.774808546583043004e-02
7.756109484115535383e-04 1.774802392176864571e-02
7.756103775962120382e-04 1.774801625137055472e-02
7.756099601838099778e-04 1.774800020334018832e-02
7.756070987604213795e-04 1.774772533024793555e-02
7.756042389724449645e-04 1.774766307721697967e-02
7.756042324570076862e-04 1.774757730734479247e-02
7.756028639607932254e-04 1.774748018214964210e-02
7.756023949030541780e-04 1.774745545321079060e-02
7.756008037700577685e-04 1.774734040545282096e-02
7.755990522703603207e-04 1.774721598699966624e-02
7.755989246071762601e-04 1.774719451775695622e-02
7.755988381288955605e-04 1.774714999282108602e-02
7.755984664523188918e-04 1.774701819573025821e-02
7.755983347320314367e-04 1.774700978964515938e-02
7.755897497784002047e-04 1.774664926859072928e-02
7.755897236194312250e-04 1.774649346004964975e-02
7.755839157654364005e-04 1.774638904499462391e-02
7.755762787916020435e-04 1.774627581502186136e-02
7.755758584378082783e-04 1.774626358920089117e-02
7.755758572242777002e-04 1.774626357079630429e-02
7.755689787791184356e-04 1.774571109830876472e-02
7.755687038449255106e-04 1.774566415127663485e-02
7.755653665856797590e-04 1.774544435071445311e-02
7.755638204594325451e-04 1.774543252337472746e-02
7.755587852274824050e-04 1.774528681823941967e-02
7.755577962229162278e-04 1.774528668395548153e-02
7.755574064262642404e-04 1.774528628372658290e-02
7.755570548385737470e-04 1.774515991880693672e-02
7.755570312931112922e-04 1.774511118037882043e-02
7.755568099548690699e-04 1.774478721947366291e-02
7.755556292135309254e-04 1.774468991070972043e-02
7.755433319866015781e-04 1.774385185616875887e-02
7.755361808762027513e-04 1.774359582537312838e-02
7.755350821498007904e-04 1.774359490384647825e-02
7.755255739471170456e-04 1.774322276819201294e-02
7.755154276183011787e-04 1.774257191551332005e-02
7.755084304616992200e-04 1.774211658813243386e-02
7.755064061911356565e-04 1.774188887939233752e-02
7.755043543087507350e-04 1.774188810523121690e-02
7.754915924270656350e-04 1.774176128980983411e-02
7.754915485586980376e-04 1.774176123445714640e-02
7.754679229752645293e-04 1.774014398018967931e-02
7.754672974433627535e-04 1.774008526801497745e-02
7.754672437240506602e-04 1.774004849764399330e-02
7.754671893889441506e-04 1.774004165240001749e-02
7.754664310495389904e-04 1.774002405896936418e-02
7.754610080994032767e-04 1.773934485123527388e-02
7.754609712266280442e-04 1.773934211591053287e-02
7.754568506834204041e-04 1.773904970894803548e-02
7.754561004845917814e-04 1.773903208231158990e-02
7.754443442428614547e-04 1.773847649623011904e-02
7.754441465651516416e-04 1.773834819556574169e-02
7.754329590186006963e-04 1.773788245695821081e-02
7.754329582083545119e-04 1.773788175312816101e-02
7.754326018476248496e-04 1.773786927377709807e-02
7.754325486988482372e-04 1.773786924639876583e-02
7.754320812989898368e-04 1.773782281625999047e-02
7.754315102526293567e-04 1.773782281384120307e-02
7.754311776209537894e-04 1.773765573115071437e-02
7.754310898718225860e-04 1.773765499567372256e-02
7.754297512248121797e-04 1.773754991684068846e-02
7.754295264464397238e-04 1.773745215381745954e-02
7.754269670009467227e-04 1.773736070345576996e-02
7.754267446557740672e-04 1.773734673765064995e-02
7.754214113584206218e-04 1.773722308202226386e-02
7.754207708218317915e-04 1.773722223702871303e-02
7.754203864794889005e-04 1.773721815015324998e-02
7.754119258139792383e-04 1.773693269358246269e-02
7.754004002415678439e-04 1.773605113977849007e-02
7.754000780998880843e-04 1.773602506610552632e-02
7.753985151923483690e-04 1.773588792727261512e-02
7.753867394741024814e-04 1.773541666612131126e-02
7.753866886150360656e-04 1.773539980666765173e-02
7.753848799913976237e-04 1.773517827647907996e-02
7.753824808619109695e-04 1.773503791511667205e-02
7.753775214490803667e-04 1.773486335204194075e-02
7.753775177137655749e-04 1.773484113581091232e-02
7.753771986416155802e-04 1.773480803172515496e-02
7.753742583730634024e-04 1.773476722002338343e-02
7.753741874697135878e-04 1.773475956713461976e-02
7.753741816351882336e-04 1.773469092721162779e-02
7.753741602883458626e-04 1.773457691645153114e-02
7.753737899113934476e-04 1.773456818992458911e-02
