1.491253448325893842e+05 9.447278416692680120e+07
1.393284757072846963e-03 1.195780026578648070e-01
1.393186642710803015e-03 7.730983034151014954e-02
1.061611970755587091e-03 7.722204751410778611e-02
1.051215775462617389e-03 7.721431503957150444e-02
1.051203281285940623e-03 7.627341697120940123e-02
1.045508456564172434e-03 7.597521016530582594e-02
1.041036391648658341e-03 7.471566324028881823e-02
1.032764104217515294e-03 7.448919985854705883e-02
1.028819379072957530e-03 7.448435299782353580e-02
1.025843716449398530e-03 7.362930418671533028e-02
1.025831656717989719e-03 7.347886548083636116e-02
1.021364755428926744e-03 7.347674337997758820e-02
1.018387276484863588e-03 7.130167708557702544e-02
9.994373461106713114e-04 7.076785063727669689e-02
9.876548203826614625e-04 6.848844651745499001e-02
9.827220130032301125e-04 6.757817960480930197e-02
9.821241148623314696e-04 6.729229184101979955e-02
9.774591819347350392e-04 6.691876926952081139e-02
9.774578552441076738e-04 6.682073437444188690e-02
9.764924320440287282e-04 6.648733487828341338e-02
9.628432030322159416e-04 6.297911704290690138e-02
9.626127451708984617e-04 6.294885347347577154e-02
9.382324833441543039e-04 5.506386210505517798e-02
9.359141350328117935e-04 5.334696055564459166e-02
9.351130893653298096e-04 5.175252250852031832e-02
9.320293039883976224e-04 5.172221066026773395e-02
9.276495402061540147e-04 4.914381212519629283e-02
9.257617383971709782e-04 4.474417514547433111e-02
9.251419315774770356e-04 3.932718748666388930e-02
9.241674923911907986e-04 3.931542932502102988e-02
9.228911450238767075e-04 3.722624466752277872e-02
9.201317970530747221e-04 3.226432061813529900e-02
9.198657525559288855e-04 2.802112177663998102e-02
9.163167311126124270e-04 2.783775091451819172e-02
9.161748009103859317e-04 2.754420314010340778e-02
9.155887513752507039e-04 2.748036353723972217e-02
9.150464315191423389e-04 2.726931166083881863e-02
9.147993912939552394e-04 2.726725241104462072e-02
9.147521439810037819e-04 2.685180040710368268e-02
9.130402334190086764e-04 2.684174052175590172e-02
9.118306018508095081e-04 2.683725945684312456e-02
9.113790728360788868e-04 2.666287629372115359e-02
9.099653681392389209e-04 2.664094210018590203e-02
9.099591702678205742e-04 2.634433699767457088e-02
9.098577171191671352e-04 2.634432677255888269e-02
9.098526627011968180e-04 2.634409171009963191e-02
9.092458487516751021e-04 2.623735866011900342e-02
9.092049443836302614e-04 2.622753607240122659e-02
9.091279970989754600e-04 2.616393348618954035e-02
9.090975575775271048e-04 2.578243754948214561e-02
9.079219523083701922e-04 2.570328161973104222e-02
9.079217608862816171e-04 2.520019512960046393e-02
9.079164202231203382e-04 2.507230136370364182e-02
9.068099136564593656e-04 2.506329577948502446e-02
9.064525874504020990e-04 2.445028631753766793e-02
9.054204749580636435e-04 2.419421334656776668e-02
9.045375390817976102e-04 2.378768782790188774e-02
9.042016280706573162e-04 2.353492141717947531e-02
9.039442766570366392e-04 2.352043846065547325e-02
9.032548200428748954e-04 2.351185932360313341e-02
9.025912379852428459e-04 2.341088490815235873e-02
9.016239895759547594e-04 2.341048618826522751e-02
9.009891837716357561e-04 2.332115917752811129e-02
9.009543837916291539e-04 2.304544032499719619e-02
9.004470233917131203e-04 2.304516029100523583e-02
8.998381240555177298e-04 2.287962597968928521e-02
8.998366891845294277e-04 2.283182176773399311e-02
8.998007485018606148e-04 2.279490214634892140e-02
8.982936965232190792e-04 2.278272174665926103e-02
8.980824147466129467e-04 2.278265442243735187e-02
8.978710294793865523e-04 2.273742241164571423e-02
8.975299150189014604e-04 2.251544169184890865e-02
8.973373134937171012e-04 2.237438516978582440e-02
8.971441704469217690e-04 2.233265185176287054e-02
8.968271858439395188e-04 2.220936403635519890e-02
8.961526785542361234e-04 2.214097006397048456e-02
8.952685186337716247e-04 2.212689171190508966e-02
8.952454281868814845e-04 2.212547921117405392e-02
8.952149711496577324e-04 2.198772568700443214e-02
8.952059948262141827e-04 2.198755640551656662e-02
8.951910740497272213e-04 2.198647815640735262e-02
8.934589419184553113e-04 2.179721457554932226e-02
8.926366683967567077e-04 2.178672595528600292e-02
8.925887105250755564e-04 2.176990992901182975e-02
8.902356617394290581e-04 2.168707164815409510e-02
8.878335095772968985e-04 2.166617056908640496e-02
8.878284442993613105e-04 2.162456423059076760e-02
8.855598054314272379e-04 2.159100195633339297e-02
8.853996553033686816e-04 2.148483296773799969e-02
8.844239714387568682e-04 2.143783264696102683e-02
8.837424635081677976e-04 2.143658607077301992e-02
8.820666015687167504e-04 2.143331897355393520e-02
8.812930725349640447e-04 2.143192973721910061e-02
8.794631277244625497e-04 2.134614501619093094e-02
8.793007374792771507e-04 2.132873218156916204e-02
8.775799809421328283e-04 2.123613526635243290e-02
8.774561410740766652e-04 2.123568765145861931e-02
8.712840911288988622e-04 2.119743266257863301e-02
8.694642240802113314e-04 2.119290792859057290e-02
8.694447945955411988e-04 2.098440313137592619e-02
8.682773497841237385e-04 2.094512565840808693e-02
8.675243029270961106e-04 2.089955083277418579e-02
8.674905755547048652e-04 2.089834346609410753e-02
8.674723418394522439e-04 2.086937955313340406e-02
8.673662485855862005e-04 2.083720023871110313e-02
8.671752650795507347e-04 2.083498134669317658e-02
8.657489823967708716e-04 2.083497181433475662e-02
8.654241733048686656e-04 2.078227641192481254e-02
8.649888936766061531e-04 2.062942148528484204e-02
8.635671175940682525e-04 2.061978399507648219e-02
8.616692355632161971e-04 2.057513124607016769e-02
8.609874285565797787e-04 2.057067553629883180e-02
8.601882778104456666e-04 2.056598796489676403e-02
8.593535931246471448e-04 2.056052632621283710e-02
8.591187047118264064e-04 2.056050292040559682e-02
8.587740292936086369e-04 2.055703748454750998e-02
8.587442184007261503e-04 2.055235749687520097e-02
8.584679003421645570e-04 2.055054879504713758e-02
8.584496406607093318e-04 2.047005781846602049e-02
8.575974918675800676e-04 2.045093705533482242e-02
8.572030312131909526e-04 2.044969555167422751e-02
8.569494512807285767e-04 2.042187323548380964e-02
8.567199309698112593e-04 2.042187290523175131e-02
8.561913787714189221e-04 2.040495109929495871e-02
8.548817999046010420e-04 2.034768288899498068e-02
8.548260891842587644e-04 2.022628601903850992e-02
8.539525453626148213e-04 2.021829350964100130e-02
8.528680536072325924e-04 2.019224059126440221e-02
8.527874280625061558e-04 2.018983868490034292e-02
8.510040053059692456e-04 2.007869407745333651e-02
8.481408091331885590e-04 2.004328049861131555e-02
8.452553167450685932e-04 2.002426148644658593e-02
8.449103105582621981e-04 1.998960852802238175e-02
8.447214036830184283e-04 1.998726036165776945e-02
8.443974130047894253e-04 1.997037301158236661e-02
8.443974009333582225e-04 1.996181000051518509e-02
8.443618835180058966e-04 1.995410036634583106e-02
8.435982762594314375e-04 1.987219718927857315e-02
8.435728218069278540e-04 1.986264213810750093e-02
8.434210627964643320e-04 1.982331409251693669e-02
8.434126117609963341e-04 1.982312614821175531e-02
8.432673677673377171e-04 1.982279082146337287e-02
8.431001327674784909e-04 1.982258769118321051e-02
8.408401309603977247e-04 1.977584544492026752e-02
8.406243125358372646e-04 1.977366714907763737e-02
8.401922635775972703e-04 1.976413870329070746e-02
8.401890915300288653e-04 1.975931309872094171e-02
8.401820488790328473e-04 1.974252791145539310e-02
8.400308221446657880e-04 1.973175498194899152e-02
8.374561815009920647e-04 1.971955479431039548e-02
8.371639107744031959e-04 1.971946183853802784e-02
8.362626664334093770e-04 1.969906141299988117e-02
8.362291131619109053e-04 1.967842666388464404e-02
8.362249081423061420e-04 1.967800992663063658e-02
8.362081453296364144e-04 1.967398163522708285e-02
8.360806694424634906e-04 1.967397500740927091e-02
8.356960681424271693e-04 1.967361499637101940e-02
8.354110680707594119e-04 1.966925138371897544e-02
8.353747816598917084e-04 1.966543598959526878e-02
8.353638115713101463e-04 1.965786367481642954e-02
8.348693239562359879e-04 1.964100232546602681e-02
8.348390795972292873e-04 1.963499763978403950e-02
8.339174306627577258e-04 1.961147564031293089e-02
8.339158948487488798e-04 1.961147515927630022e-02
8.334423100059425681e-04 1.952172656423280597e-02
8.332616867799580614e-04 1.951337315438799597e-02
8.329734210673419995e-04 1.951149831147822727e-02
8.297033160998818326e-04 1.948641378967749110e-02
8.291998745354428428e-04 1.946544168581191767e-02
8.288529347895090766e-04 1.946538783056832311e-02
8.284268304931738510e-04 1.945779591814580933e-02
8.270229056177692091e-04 1.937349752856991694e-02
8.266988301070283141e-04 1.937169931705006592e-02
8.266975380317345516e-04 1.936645812031679084e-02
8.265296712703089788e-04 1.931283223071789817e-02
8.256993513531965881e-04 1.931282247066964941e-02
8.256944439431519603e-04 1.930819143555039669e-02
8.248038793303671306e-04 1.928086520185664024e-02
8.247244392029381109e-04 1.928048459515482524e-02
8.243915139210227644e-04 1.925593833269203040e-02
8.239661019851700699e-04 1.923909346823111932e-02
8.239460006500283051e-04 1.923909333315587319e-02
8.239281251425910899e-04 1.922869645612149125e-02
8.233288238794150100e-04 1.922346254620719772e-02
8.232235445020392572e-04 1.921888099002527425e-02
8.232056942520282923e-04 1.921879008103866138e-02
8.224431469621740513e-04 1.919407773485590218e-02
8.224053282041485485e-04 1.919397834123448554e-02
8.224038592184589481e-04 1.918516413687496383e-02
8.214382620613489309e-04 1.916858460149777413e-02
8.203777864766500366e-04 1.913287822803412183e-02
8.189301761635282579e-04 1.909794266358662285e-02
8.188066370243224455e-04 1.909639168792516203e-02
8.187731450775906361e-04 1.908918374233352366e-02
8.187530548161756593e-04 1.908397891254586670e-02
8.186275730450063518e-04 1.908042896284152176e-02
8.185740352781654527e-04 1.907971006671755135e-02
8.185724315383631445e-04 1.906370017835965977e-02
8.184481516935334343e-04 1.906341152628534055e-02
8.184343835689884654e-04 1.906340400597355406e-02
8.182851271186837193e-04 1.906340314990243034e-02
8.182523907893025005e-04 1.906002867529845227e-02
8.179599991573647481e-04 1.905918842661567456e-02
8.174460092900706588e-04 1.904351656595857506e-02
8.162604960768740994e-04 1.903012564141676535e-02
8.160035588863715763e-04 1.899646788159644467e-02
8.159414407627508820e-04 1.899349988454442431e-02
8.158198762138171769e-04 1.897439829059536370e-02
8.157630732133291191e-04 1.896877885725537297e-02
8.134948541778982273e-04 1.892340164938962829e-02
8.129276048450345899e-04 1.892327683281287698e-02
8.125544327949653931e-04 1.887780346168329085e-02
8.117872309091379596e-04 1.886895640298462060e-02
8.117870858414607963e-04 1.886643625637566060e-02
8.110672049544563524e-04 1.885873623695006815e-02
8.104496296771630370e-04 1.882986280693961859e-02
8.104042880523211739e-04 1.882899411355211036e-02
8.099678208796086236e-04 1.881499734216116049e-02
8.088216821140645999e-04 1.881298964588163161e-02
8.087625655671218687e-04 1.880639119569084070e-02
8.087460717480766080e-04 1.880286578870937753e-02
8.080212094867521852e-04 1.878717819310933221e-02
8.071330434451830238e-04 1.878192712502196535e-02
8.070866412754087961e-04 1.877249300095960513e-02
8.067408165329420814e-04 1.876248645986060976e-02
8.066655610556993251e-04 1.875658837871004361e-02
8.066349747604454039e-04 1.875639379534358581e-02
8.065597653271123265e-04 1.875465421036398225e-02
8.061674845261954190e-04 1.874746715562324029e-02
8.060698316988064742e-04 1.873989721252595012e-02
8.058555429414593308e-04 1.873414851470237702e-02
8.056987976532846603e-04 1.873411383462391180e-02
8.056209451245770724e-04 1.873362956019317127e-02
8.054562266563931655e-04 1.873283238467342987e-02
8.053857821944872828e-04 1.872918830726309769e-02
8.046640697116182791e-04 1.871023010904467737e-02
8.025174223034628029e-04 1.865815053519077893e-02
8.023953570542176989e-04 1.865103350111755112e-02
8.020400741491535718e-04 1.862023939919824761e-02
8.011211603068217613e-04 1.859565669881031030e-02
8.008855149275914383e-04 1.859250713022859297e-02
8.005236513600167379e-04 1.858846243579165280e-02
8.004745106287003680e-04 1.858623216279618046e-02
8.004356737858312225e-04 1.858553653489872920e-02
8.003039235654265402e-04 1.858502181263113964e-02
8.001268854671534465e-04 1.856760252533899702e-02
8.001115290679242879e-04 1.856760252276187795e-02
7.997742440152812377e-04 1.856727093528787870e-02
7.997742064036562687e-04 1.856546144735836054e-02
7.988075049940189434e-04 1.856226687145578341e-02
7.988005531373497349e-04 1.856101807642569421e-02
7.969662795365206392e-04 1.849463729217570504e-02
7.969508649413957870e-04 1.848959933501754041e-02
7.963349665659124818e-04 1.847738573141667617e-02
7.962923589317211356e-04 1.847517790686309738e-02
7.962922829507407306e-04 1.847364642970471607e-02
7.961490440327754830e-04 1.846737387264173191e-02
7.954517559632400025e-04 1.845384581362249921e-02
7.948746360643632819e-04 1.838984649683519240e-02
7.948503467223396899e-04 1.838623544497688944e-02
7.927813235774095477e-04 1.834503191147355411e-02
7.925572165778209388e-04 1.834244077660051458e-02
7.921263281926274645e-04 1.833386855164047258e-02
7.921201166531158765e-04 1.832387426852435941e-02
7.920407960233970864e-04 1.832104568797078212e-02
7.918921069462717035e-04 1.831770615583622544e-02
7.918295317874448876e-04 1.831441347386825180e-02
7.912951717918855323e-04 1.831007426394223869e-02
7.912613353607230501e-04 1.830951441043167371e-02
7.910008859633417891e-04 1.829834131823904544e-02
7.903975458472908442e-04 1.827834884124114948e-02
7.896462309023505929e-04 1.827579044549051263e-02
7.893513081464902971e-04 1.827558020942714537e-02
7.883024243041554524e-04 1.826289334128623071e-02
7.882992885327681082e-04 1.826090019569590051e-02
7.880302329041489855e-04 1.824741981806299318e-02
7.875848239058494968e-04 1.822682875327527249e-02
7.863226034216678822e-04 1.818458955643641531e-02
7.858308931489207646e-04 1.816157053304010699e-02
7.858124987027351313e-04 1.816122608091858340e-02
7.857708972345173485e-04 1.816095588286311541e-02
7.856297664907421156e-04 1.816062299683494571e-02
7.855577734291868935e-04 1.815288909691294833e-02
7.848241280893756330e-04 1.814135769309258017e-02
7.848150230723103518e-04 1.813791082642044264e-02
7.838826979409839382e-04 1.811975568760106417e-02
7.836730048494853183e-04 1.811900652385194793e-02
7.836293190562153548e-04 1.811896073215216521e-02
7.835719008254789317e-04 1.810689576582783303e-02
7.835447379935796090e-04 1.810634332828925039e-02
7.824297431339859469e-04 1.809238472282852575e-02
7.819948827310870595e-04 1.808384049302502738e-02
7.819944366010795570e-04 1.808326611587146929e-02
7.813839159649839513e-04 1.804710623876328371e-02
7.813683764129679106e-04 1.804640055815934577e-02
7.810951078698064997e-04 1.803193339154644456e-02
7.809932756786526573e-04 1.802530765066728824e-02
7.806723199944814832e-04 1.801361046178574440e-02
7.802589018765433183e-04 1.801020900397273111e-02
7.773592272679303141e-04 1.797414515838871574e-02
7.770739357063213230e-04 1.796814258196594363e-02
7.763022784563920406e-04 1.796650174875176476e-02
7.762921329363694188e-04 1.796648288793375320e-02
7.762198967913783295e-04 1.796535072048359785e-02
7.761479962512069994e-04 1.796392471041016389e-02
7.759014678790965335e-04 1.795223643292759991e-02
7.749107842151948091e-04 1.793172913577456909e-02
7.739392910887868274e-04 1.792586355010300850e-02
7.736887053541727710e-04 1.790651275013422153e-02
7.736769833252363920e-04 1.790563854845000566e-02
7.730712414076672517e-04 1.790530175490993511e-02
7.730359372557550363e-04 1.790506175618884407e-02
7.720189566416985495e-04 1.788832166569655560e-02
7.713088550061901515e-04 1.787963286697782928e-02
7.706008117997836197e-04 1.785589166404530012e-02
7.704401577155198461e-04 1.785202182412451433e-02
7.699455067967066668e-04 1.784922809938503663e-02
7.699307623605340179e-04 1.784899172190956840e-02
7.695900816160370717e-04 1.784331211719299842e-02
7.695849784112369267e-04 1.784330402257299636e-02
7.695781287613550226e-04 1.784322159149458881e-02
7.691885891203503441e-04 1.782746047305113976e-02
7.684629647473481193e-04 1.781137920641668454e-02
7.676811176238790453e-04 1.779669298758640786e-02
7.674629043504042469e-04 1.778819146709679708e-02
7.671105859762670674e-04 1.778091544280438474e-02
7.670374148878627077e-04 1.777859437557725505e-02
7.659606239546225531e-04 1.776293263949185741e-02
7.659336972619410020e-04 1.776154910721213995e-02
7.657006166105940906e-04 1.776040168890248919e-02
7.656776213691690982e-04 1.775795824855419189e-02
7.654475544595197925e-04 1.775025721063355072e-02
7.646930494861280776e-04 1.773522564279670852e-02
7.646112746408477174e-04 1.773115335369329637e-02
7.645446052729831321e-04 1.772624258344796672e-02
7.639149817012050054e-04 1.771351191803643282e-02
7.638818665515582657e-04 1.771136660943890481e-02
7.626531128626393369e-04 1.767274186739798553e-02
7.625550479036602523e-04 1.767186580268495510e-02
7.624722160074289988e-04 1.767003616977856628e-02
7.605514805036195760e-04 1.762639117328801061e-02
7.605498703287950479e-04 1.762623766437904776e-02
7.603061029463654974e-04 1.762471895646165743e-02
7.603020877502292014e-04 1.762471410538345509e-02
7.589548288383797092e-04 1.761062133405695215e-02
7.589506797732384477e-04 1.761039869087925938e-02
7.582060424199560953e-04 1.759764643934300446e-02
7.582052156923074077e-04 1.759487333398741804e-02
7.581724019919534961e-04 1.759448981823692054e-02
7.579613454136167926e-04 1.758714726864736219e-02
7.571520331635427439e-04 1.756826892085176436e-02
7.571378733009906164e-04 1.756762267791628362e-02
7.568070513975769156e-04 1.756311225061227971e-02
7.556359701992095435e-04 1.753268206007854366e-02
7.556146234504400837e-04 1.753219762975775572e-02
7.555240903385020178e-04 1.753099422401588336e-02
7.545421824643880815e-04 1.751391313213240472e-02
7.545078652656410020e-04 1.751095101998504169e-02
7.544974350554038353e-04 1.751078067088178078e-02
7.542386189313163118e-04 1.750724747272675019e-02
7.542188803484074213e-04 1.750656149105918324e-02
7.531843961710097931e-04 1.747525961027626695e-02
7.518408623502974373e-04 1.744559432716142125e-02
7.517802934430263496e-04 1.744331780199759666e-02
7.509736182634489492e-04 1.743438085981364669e-02
7.507189026379966186e-04 1.742829057091969946e-02
7.503865339603083906e-04 1.741757791184816995e-02
7.494124270282652607e-04 1.740127965878882771e-02
7.493743679573846390e-04 1.740123852608979962e-02
7.488613823219459915e-04 1.739191188669669125e-02
7.463318168340810944e-04 1.734210031420513679e-02
7.459153685597312263e-04 1.732952132314138916e-02
7.456036384664447084e-04 1.732256896088080547e-02
7.449170853522382946e-04 1.729927674874837118e-02
7.448069622980203319e-04 1.729865862818552938e-02
7.447938208025097232e-04 1.729860571541462846e-02
7.443051690071897635e-04 1.729326285062167748e-02
7.442992940967491479e-04 1.729320484676034192e-02
7.409343933028616916e-04 1.720464320906977401e-02
7.402389669061935082e-04 1.718940306001437435e-02
7.400650267918794075e-04 1.718507263622854470e-02
7.396175018487924791e-04 1.717964674365622321e-02
7.394984431760325471e-04 1.717659158856739768e-02
7.394729777926639181e-04 1.717655920671171121e-02
7.384410746563880050e-04 1.715186362321838298e-02
7.367881495629859589e-04 1.711039293115298315e-02
7.354237636245741869e-04 1.708623036583138341e-02
7.346587755586478060e-04 1.707057108868894474e-02
7.329617230522741597e-04 1.703415547804136912e-02
7.329606114279353570e-04 1.703354358325548726e-02
7.327705347846768212e-04 1.702359715280913482e-02
7.327536911196966783e-04 1.702296640260835339e-02
7.323909450551984585e-04 1.701340113834369505e-02
7.320887656744294461e-04 1.700620715703394376e-02
7.320492728770995215e-04 1.700573223275687190e-02
7.313594839939409559e-04 1.699451396973282805e-02
7.312649307021709547e-04 1.698733781313808283e-02
7.285266706698419930e-04 1.692211667088621210e-02
7.283284170628315192e-04 1.691134849029535953e-02
7.276192318827199353e-04 1.688883937757033535e-02
7.264043807218535046e-04 1.684955509591153436e-02
7.259655303068765020e-04 1.683003454604053289e-02
7.259623146276399401e-04 1.682912561122284004e-02
7.256708947492811592e-04 1.682625574581425934e-02
7.249743519385055479e-04 1.680371973114673512e-02
7.241089142654712728e-04 1.678618634651125874e-02
7.240686366756469029e-04 1.678514734873040939e-02
7.234374832311825593e-04 1.677708727005256667e-02
7.226575897414073231e-04 1.675606231697133672e-02
7.221254649210394946e-04 1.673937329691665282e-02
7.220461505595624895e-04 1.673937182328828072e-02
7.219296391512624667e-04 1.673341604016664874e-02
7.217561262026344357e-04 1.672750495510630722e-02
7.216687347461013795e-04 1.672674798463571685e-02
7.207553968264108222e-04 1.669324231919947638e-02
7.201285630533393054e-04 1.667235112338304182e-02
7.196524685363777599e-04 1.665258264498019683e-02
7.186427362556021886e-04 1.662223047551424082e-02
7.185692015179273020e-04 1.662018564725681324e-02
7.184410331013311394e-04 1.661464698686012167e-02
7.163416757899336747e-04 1.653716717346939355e-02
7.163414947187880756e-04 1.653709202183256330e-02
7.159398917232812250e-04 1.652493024931534979e-02
7.149604134475919708e-04 1.650549896985990458e-02
7.147733096179927385e-04 1.649716829684641506e-02
7.132704491541430299e-04 1.643956471182154641e-02
7.130209855568713298e-04 1.642919481466718901e-02
7.124698521098687476e-04 1.641398213573020196e-02
7.122558540163279961e-04 1.641220241990390405e-02
7.120639465507087743e-04 1.641009996783462585e-02
7.113509552012510203e-04 1.639683503228138092e-02
7.113250624681444374e-04 1.639532282220179313e-02
7.113082432391146280e-04 1.638710554320641638e-02
7.111853706695760082e-04 1.638383808193049490e-02
7.106818883440623813e-04 1.636106706056425497e-02
7.102007567217791207e-04 1.634357558261258919e-02
7.096311533431024941e-04 1.632361093009667558e-02
7.096196506000808455e-04 1.632194135265562993e-02
7.096184935415027727e-04 1.632115572327339295e-02
7.081386769368136535e-04 1.626952936626839888e-02
7.081383451515535802e-04 1.626939335529900207e-02
7.074731709011965360e-04 1.624713101705797802e-02
7.055975628676587055e-04 1.620644047461433299e-02
7.044003699001969441e-04 1.617299454990443752e-02
7.043946351259385008e-04 1.617039440441092255e-02
7.030271896980358742e-04 1.612254995413909750e-02
7.030192125731367586e-04 1.611821446295236965e-02
7.024282567342609706e-04 1.609766913567437646e-02
7.022798420764832933e-04 1.609649557835125464e-02
7.021549664326927429e-04 1.609275937019239572e-02
7.019383644923561519e-04 1.608735557421400036e-02
7.018934277188429655e-04 1.608650784551003340e-02
6.979546125105103895e-04 1.597185859363940350e-02
6.959045666192788509e-04 1.590817305901048168e-02
6.945885416387787481e-04 1.589116431683035985e-02
6.932928213837299958e-04 1.585397569226158765e-02
6.931509579190023827e-04 1.584678349543756568e-02
6.914543880085947470e-04 1.579593489184627844e-02
6.901824305393988506e-04 1.577411886433146074e-02
6.900099061063320015e-04 1.577113321168574847e-02
6.900091864898972010e-04 1.576912714631517956e-02
6.898927291279122360e-04 1.576560188976163651e-02
6.898680632600285656e-04 1.576548412093303070e-02
6.894882034007024591e-04 1.575362604944372316e-02
6.893611084307177351e-04 1.574926054312463311e-02
6.892785054141429201e-04 1.573924960866119119e-02
6.880448284769383801e-04 1.568717446556710735e-02
6.862451534381708469e-04 1.564522752228916444e-02
6.855772044870029995e-04 1.563073168927585008e-02
6.853883897063329502e-04 1.562484051629739121e-02
6.839288867947576232e-04 1.558919947029589227e-02
6.834611138445875192e-04 1.557448839291100326e-02
6.830139663449346287e-04 1.555883963686718018e-02
6.830043358699739451e-04 1.555779130479664762e-02
6.828737821159485766e-04 1.555385204591724739e-02
6.828352800740155378e-04 1.555324840295062468e-02
6.827164653504020795e-04 1.554667438546965610e-02
6.819143283824899730e-04 1.552693013711528049e-02
6.817266794507723495e-04 1.552059551807916105e-02
6.809321503120481598e-04 1.547671574414619458e-02
6.808983430428411886e-04 1.547522539899914666e-02
6.792160164213730065e-04 1.542246088265880263e-02
6.790926738339065965e-04 1.541930558719944652e-02
6.790762083480308053e-04 1.541800422041584608e-02
6.790292693836533439e-04 1.541789004889294705e-02
6.789060528533302817e-04 1.541438332956981440e-02
6.777579996749718942e-04 1.538778230411656095e-02
6.773804049242746622e-04 1.536986798224442008e-02
6.771913374974914898e-04 1.535600079893260222e-02
6.770046591679694872e-04 1.534949839187614400e-02
6.768344706746322629e-04 1.533692035367318837e-02
6.766480762882629962e-04 1.532698822782385326e-02
6.751797886820766047e-04 1.529860597152775739e-02
6.740803850996327081e-04 1.525878347164841102e-02
6.737578103063471746e-04 1.525051954298275482e-02
6.736885224245173611e-04 1.524601101913941083e-02
6.733865715358992214e-04 1.523986543913785630e-02
6.727606454804520774e-04 1.521320564302540944e-02
6.724996595563274273e-04 1.519780427867223685e-02
6.712284832460662688e-04 1.516654841634138169e-02
6.712130822880503283e-04 1.516654693453261225e-02
6.711497624426395218e-04 1.516481326179798875e-02
6.711479081627157953e-04 1.516421298587395869e-02
6.711459323290100551e-04 1.516030854192537691e-02
6.708778098930485208e-04 1.514579232540750990e-02
6.706045084697031828e-04 1.513499259436745792e-02
6.706016295188986509e-04 1.512797493736499875e-02
6.690216996981393840e-04 1.507063338126791649e-02
6.689278393346758051e-04 1.507052096756359393e-02
6.688484027158829838e-04 1.506540665891967397e-02
6.687049005961332587e-04 1.506480698358191560e-02
6.681392093827554857e-04 1.505351717574927341e-02
6.658982765823913755e-04 1.498468211831047690e-02
6.658519218195701854e-04 1.498329776995578275e-02
6.657613799086473582e-04 1.498118283216710520e-02
6.655364495162852979e-04 1.497792850875152501e-02
6.655308898928664332e-04 1.497749755033833501e-02
6.652449590115537114e-04 1.497495073978705529e-02
6.651645074342508578e-04 1.496985527830321447e-02
6.646148829885659484e-04 1.496173735768532333e-02
6.644522418675702976e-04 1.495128481951513502e-02
6.640581466890274924e-04 1.494359937403067114e-02
6.639401307469373816e-04 1.494182595505392022e-02
6.633352752881929888e-04 1.492996725509029149e-02
6.631918273364926500e-04 1.492186753811469181e-02
6.631561671912336543e-04 1.492113956944171767e-02
6.631518644885823436e-04 1.492060524619832906e-02
6.631497533707996937e-04 1.492004406659961334e-02
6.620123998208435508e-04 1.487170962922230652e-02
6.614052954207850577e-04 1.485847630008663156e-02
6.613442939237930895e-04 1.485414994723784077e-02
6.612195292740526446e-04 1.485106449325347688e-02
6.606121828065891852e-04 1.483285660828244194e-02
6.605801180604383999e-04 1.483192030054187802e-02
6.604368997353137361e-04 1.482736888781513267e-02
6.604329484222794819e-04 1.482736881495752557e-02
6.603109459643850560e-04 1.482037835776028704e-02
6.599539091955242218e-04 1.480286544569313877e-02
6.599426645976553965e-04 1.480167184271576238e-02
6.597144915574153700e-04 1.479726086734699762e-02
6.584756551568823587e-04 1.474942003394445929e-02
6.584750516095100141e-04 1.474930947637255636e-02
6.583662425797769764e-04 1.474886055345274623e-02
6.583661977932623102e-04 1.474864618150407806e-02
6.579430721577644902e-04 1.473625994693365804e-02
6.577047305585568496e-04 1.472832969602391393e-02
6.572266699066700796e-04 1.471466374836560148e-02
6.571246656056476711e-04 1.471166988733946593e-02
6.571049765145364849e-04 1.471162187011862930e-02
6.570701982567035302e-04 1.471025790215520906e-02
6.570659471447983261e-04 1.470995453395838003e-02
6.569864026054126867e-04 1.470896534594068154e-02
6.561164429831359496e-04 1.468979121845265072e-02
6.552777458360768258e-04 1.466643368631661767e-02
6.552132341085750581e-04 1.466536416290742731e-02
6.551304337748002291e-04 1.466418375225124124e-02
6.547761273102156807e-04 1.464805456893460492e-02
6.537361717154836598e-04 1.462867161554096476e-02
6.537221596477719174e-04 1.462805456062027040e-02
6.535480055572470432e-04 1.462629664623540243e-02
6.535474013363901016e-04 1.462614412318273202e-02
6.535429664288985082e-04 1.462466182753017867e-02
6.535066910537752800e-04 1.462436447907024435e-02
6.533631743038909945e-04 1.462153981216178858e-02
6.530525689051020584e-04 1.460644941048881013e-02
6.525045618803288709e-04 1.459516264446066892e-02
6.525032013923499777e-04 1.459515637630728023e-02
6.525031862434881036e-04 1.459221325735028489e-02
6.523622438551531649e-04 1.458831763408107753e-02
6.523482363173047777e-04 1.458658537647514880e-02
6.522824678967419814e-04 1.458642859673324639e-02
6.521443837005955028e-04 1.458213670829077747e-02
6.521077840987486805e-04 1.458181379044991288e-02
6.514657705248450437e-04 1.456377286069894528e-02
6.505217044504839905e-04 1.454505848695909938e-02
6.503159659974296677e-04 1.454163488779653193e-02
6.501361965591894408e-04 1.453536775888848546e-02
6.501343989637508366e-04 1.452978839421698899e-02
6.501283965068861692e-04 1.452886067882538934e-02
6.473598214264663633e-04 1.447801087368601539e-02
6.473050382534185909e-04 1.447536523072445735e-02
6.470034075701742776e-04 1.446971141719957145e-02
6.461534546337780035e-04 1.444984871854803135e-02
6.460082853424737150e-04 1.444546863360341230e-02
6.458921894627700326e-04 1.444368666716196181e-02
6.457661639976428145e-04 1.444036567036951872e-02
6.456166063592651055e-04 1.443845762833329861e-02
6.455394870517171951e-04 1.443456209031357927e-02
6.452680062999803425e-04 1.442960461873253608e-02
6.450525144317298702e-04 1.442574940951045319e-02
6.448251962957387987e-04 1.442548123304254228e-02
6.447051578473898641e-04 1.442136185967850086e-02
6.446773597390078638e-04 1.441981905919547877e-02
6.445292024124424065e-04 1.441511023517550241e-02
6.444528508112990200e-04 1.441183669439650462e-02
6.440135738180194965e-04 1.440666870359951987e-02
6.434829591076606046e-04 1.439412756038999444e-02
6.431222546350135816e-04 1.438336168931639812e-02
6.429153853814955754e-04 1.438170245971303642e-02
6.429073899001750423e-04 1.438049003955681367e-02
6.420444973398830701e-04 1.436923054186616151e-02
6.420444002367802763e-04 1.436768016860648367e-02
6.412829032763722823e-04 1.435534271645330998e-02
6.412272914482102567e-04 1.435489757413773056e-02
6.412216242533289121e-04 1.435317572074177282e-02
6.408322346887636821e-04 1.434237824151469998e-02
6.404397681011442375e-04 1.433900773662681420e-02
6.404321257790990740e-04 1.433883433412960588e-02
6.404017991168334386e-04 1.433881845286179811e-02
6.402349988565247778e-04 1.433641442569924714e-02
6.402123066949661108e-04 1.433218389525054218e-02
6.402100625055387201e-04 1.433213128847245742e-02
6.397999383618164495e-04 1.432923415445319475e-02
6.397909012619132970e-04 1.432909751147169557e-02
6.397191946523024877e-04 1.432850623416011791e-02
6.397189643207372520e-04 1.432397045984225292e-02
6.394818235977828670e-04 1.430891225397059631e-02
6.393301367913051909e-04 1.430373542220573189e-02
6.373251466889709753e-04 1.425726621720119214e-02
6.372732908901984801e-04 1.425560368133996052e-02
6.372729200459539530e-04 1.425553846879449443e-02
6.372278806706595288e-04 1.425552787317374039e-02
6.371797366159430258e-04 1.425443104389535927e-02
6.371792673900083344e-04 1.425442761536944124e-02
6.370474056707342700e-04 1.425298239376169424e-02
6.369087423178453706e-04 1.425006444290547250e-02
6.368827011476627890e-04 1.424990967359809034e-02
6.368803103625154602e-04 1.424902993604828909e-02
6.367371855320641712e-04 1.424832041007400088e-02
6.366524962355416201e-04 1.424780075436008278e-02
6.362926757825952467e-04 1.423392799228716081e-02
6.362906637048985166e-04 1.423373544079638633e-02
6.358935921588442083e-04 1.422700387455945459e-02
6.352574549340048215e-04 1.421655824154711457e-02
6.352343952643679315e-04 1.421395874020349101e-02
6.352148158135289754e-04 1.421388097416699872e-02
6.345472904315281734e-04 1.419015529880687104e-02
6.344886865599788997e-04 1.418994476988832097e-02
6.344692543716709977e-04 1.418519263282434079e-02
6.344591562161708363e-04 1.418210367881113550e-02
6.344295546665879894e-04 1.418138603677428049e-02
6.339592373858347505e-04 1.417044963710525560e-02
6.339109374764480406e-04 1.416875138249822433e-02
6.332115096810060108e-04 1.416033588679543875e-02
6.330920739637029221e-04 1.416030993126958688e-02
6.330077531011390601e-04 1.415875643527896542e-02
6.329717515925451128e-04 1.415794043183793774e-02
6.329717375308250085e-04 1.415416627534008508e-02
6.327636880788906851e-04 1.414977021588916493e-02
6.312058627364931654e-04 1.412137196963737101e-02
6.311753551917778865e-04 1.411998995682210364e-02
6.310834423201253530e-04 1.411722198049677329e-02
6.305149992015631659e-04 1.411225170365307605e-02
6.302146489954363112e-04 1.411112034246338534e-02
6.299594296024353625e-04 1.410390473256423541e-02
6.299581734108937328e-04 1.410378395347756594e-02
6.293311640873135160e-04 1.409671584315032832e-02
6.287117663188596106e-04 1.408641427385485916e-02
6.286758435791637515e-04 1.408551338415859298e-02
6.285810851093854863e-04 1.408451681703357106e-02
6.284630843382149092e-04 1.408230418702552042e-02
6.284482580330397975e-04 1.408219035493644793e-02
6.281424547547442144e-04 1.407712362235306880e-02
6.279989903043827143e-04 1.407470366739719397e-02
6.278131578379738797e-04 1.407281445648710626e-02
6.265884317907693436e-04 1.405101468845797522e-02
6.265769401396621913e-04 1.404856390582431662e-02
6.265676300062922180e-04 1.404705281044258888e-02
6.263895804530673211e-04 1.403987790827127685e-02
6.262278024686818156e-04 1.403872614929153190e-02
6.259941716655010929e-04 1.403538083370667669e-02
6.259801002446171254e-04 1.403092828742604804e-02
6.259492516024052445e-04 1.403060712314061105e-02
6.258588418019856185e-04 1.402545986021951421e-02
6.257097737777441446e-04 1.402257327931222264e-02
6.256680966841768462e-04 1.401373288156138215e-02
6.256399279353624379e-04 1.401195859580799466e-02
6.256372716239570102e-04 1.401133148998559910e-02
6.255499149395273364e-04 1.401123783034948986e-02
6.253353741927237652e-04 1.400377428190616690e-02
6.251460404514653461e-04 1.400052219673250664e-02
6.250282699934623949e-04 1.399979033591110429e-02
6.248388455991039318e-04 1.399856701938973283e-02
6.248387776870894866e-04 1.399834653643478033e-02
6.247517758035387022e-04 1.399021834115849079e-02
6.246912908642754001e-04 1.398437499931536217e-02
6.246000149326420402e-04 1.398253908810038332e-02
6.245549018809065829e-04 1.397987002127604184e-02
6.245548486864156701e-04 1.397675193197070627e-02
6.245381207096834626e-04 1.397589727494605479e-02
6.245288082704839169e-04 1.397574078071518906e-02
6.241857429784630155e-04 1.396502657471641179e-02
6.241011409899060091e-04 1.396410473530486362e-02
6.238239916958583740e-04 1.395982980491366175e-02
6.238186672858904392e-04 1.395964859448850341e-02
6.237976508536772048e-04 1.395963260248906518e-02
6.237970536125441367e-04 1.395920613432639727e-02
6.237917442961352001e-04 1.395901769897936982e-02
6.237915872798392930e-04 1.395896599777723436e-02
6.237698895222826929e-04 1.395827838790993092e-02
6.236044425856460171e-04 1.395226376831817244e-02
6.235910266323874303e-04 1.395078918062513801e-02
6.235867202983543574e-04 1.395072549715939761e-02
6.234544587118273770e-04 1.394697518953336157e-02
6.234387102305494243e-04 1.394536428497132607e-02
6.234372125108588597e-04 1.394535099076038044e-02
6.234299119641571827e-04 1.394420151687300775e-02
6.234192140446011103e-04 1.394415030130414027e-02
6.232608679448357327e-04 1.394231937970124256e-02
6.230369294267816202e-04 1.393665823476684940e-02
6.229938255007784823e-04 1.393550736305461564e-02
6.229849084447195524e-04 1.393497952726834889e-02
6.229116501809478989e-04 1.393411540321668959e-02
6.226446650026011597e-04 1.392936471273424799e-02
6.225668286857083400e-04 1.392875021085863280e-02
6.225630938162037432e-04 1.392855833601216661e-02
6.222283742386516305e-04 1.392105021562920104e-02
6.222163631814043097e-04 1.392079003259621452e-02
6.221872331561148148e-04 1.392039832615323512e-02
6.221093102891988788e-04 1.391915183834251633e-02
6.221068384193662515e-04 1.391897749924253351e-02
6.220467822362904043e-04 1.391896629811046650e-02
6.220256233987460446e-04 1.391894356943934943e-02
6.219787967719459746e-04 1.391850009164851201e-02
6.219240463387729241e-04 1.391844819509521596e-02
6.217466207178991245e-04 1.391392243741220065e-02
6.217396163069269927e-04 1.391391754319596351e-02
6.216885387108203251e-04 1.391383636894132081e-02
6.216785826550158892e-04 1.391370699431656970e-02
6.216640651932700155e-04 1.391357107102662687e-02
6.216511853125856720e-04 1.391336145060029054e-02
6.216376753987111047e-04 1.391320519647746244e-02
6.216366598213299071e-04 1.391317343731991382e-02
6.214661074649415569e-04 1.390933808522788577e-02
6.214227944943479702e-04 1.390932231140127630e-02
6.213588902772110246e-04 1.390750717874696292e-02
6.213474066978644716e-04 1.390739594764968737e-02
6.213380915305079244e-04 1.390721701962394433e-02
6.212358044380326093e-04 1.390559752277157127e-02
6.209415199028851372e-04 1.390467626724871050e-02
6.207012934436176906e-04 1.390229502785519586e-02
6.205918645335930248e-04 1.390177292364135758e-02
6.205872767813150163e-04 1.390167868773710229e-02
6.205746421484339666e-04 1.390146260873528425e-02
6.204784258106353862e-04 1.390133323350406513e-02
6.204339489448413127e-04 1.390034293141749824e-02
6.203594318027260768e-04 1.389963129683353255e-02
6.203003457979007918e-04 1.389809802960154626e-02
6.202831793721769529e-04 1.389784429729029776e-02
6.202811721159667488e-04 1.389748519602523012e-02
6.202165870190284782e-04 1.389669052563448880e-02
6.201861339856145966e-04 1.389669010600695122e-02
6.201493732577314328e-04 1.389622565556428331e-02
6.201306469956737117e-04 1.389619101350527026e-02
6.201291223585818965e-04 1.389604100229995497e-02
6.200634156455723384e-04 1.389572186783450715e-02
6.200277208840126314e-04 1.389519118664379535e-02
6.200232581969904091e-04 1.389512263184460202e-02
6.199066160804058041e-04 1.389476203752362631e-02
6.195859262999049146e-04 1.389141734097912827e-02
6.195857790681730086e-04 1.389132387981529930e-02
6.195114597365697752e-04 1.389131401915531458e-02
6.194157559336476056e-04 1.389085338079796075e-02
6.192075863382364093e-04 1.388944309393883719e-02
6.191943471926124364e-04 1.388943656037571958e-02
6.191767504437346425e-04 1.388940778105707957e-02
6.191712328428350311e-04 1.388930117033746262e-02
6.191556909403941227e-04 1.388869571534721153e-02
6.191336027482550715e-04 1.388832483223557263e-02
6.191254985686069643e-04 1.388832203004683290e-02
6.190988135837310934e-04 1.388819787661055988e-02
6.190988051766531082e-04 1.388810733635158050e-02
6.190218019480011507e-04 1.388709130509619902e-02
6.190078045563870935e-04 1.388697191295541582e-02
6.190078010279310289e-04 1.388692507271917752e-02
6.189451345691111481e-04 1.388685734448156552e-02
6.189387737513407520e-04 1.388685724057238044e-02
6.189300664481566135e-04 1.388680468912384912e-02
6.188599016785840436e-04 1.388620396975645370e-02
6.188538864149445299e-04 1.388620395816045697e-02
6.188021469984127934e-04 1.388599736277357048e-02
6.188007850414266927e-04 1.388596134241026729e-02
6.186943148052470110e-04 1.388504222670695898e-02
6.186833937308964908e-04 1.388482029868161848e-02
6.186034414407181941e-04 1.388461100608572377e-02
6.184819028618514063e-04 1.388306920541711349e-02
6.184319213527787002e-04 1.388298678240934385e-02
6.184064186091232235e-04 1.388283166653671644e-02
6.184010516163361820e-04 1.388283084044049376e-02
6.183856573040259286e-04 1.388251010623206029e-02
6.183806754470596917e-04 1.388250989085433248e-02
6.183448151549493467e-04 1.388225881541255667e-02
6.183143930677356031e-04 1.388224191461294096e-02
6.182657951379058256e-04 1.388197218325232067e-02
6.182633744172412156e-04 1.388197150021468901e-02
6.182480891824594389e-04 1.388177751152762027e-02
6.182450865361678941e-04 1.388177750960167302e-02
6.181494094501063276e-04 1.388135992226658365e-02
6.179991657635984211e-04 1.388077197264336524e-02
6.179921631499277462e-04 1.388055618602521135e-02
6.179456525996859404e-04 1.388021403500038983e-02
6.179456085067758448e-04 1.388015401788966416e-02
6.178301653290795134e-04 1.387960503009442147e-02
6.176727090244749736e-04 1.387824291037590731e-02
6.176387514009782200e-04 1.387794359456221913e-02
6.175647385784271753e-04 1.387770969625052621e-02
6.174584041514737717e-04 1.387753968786754367e-02
6.174086986491651675e-04 1.387716327979998318e-02
6.173968239828651026e-04 1.387712283998262901e-02
6.172739104147309053e-04 1.387646796649963203e-02
6.172697161069911308e-04 1.387643361549252552e-02
6.172655933106053778e-04 1.387642084577363384e-02
6.172631616034241668e-04 1.387639742631485533e-02
6.170069961595623037e-04 1.387487854187872613e-02
6.169701636634276421e-04 1.387452992605497926e-02
6.169697237913772912e-04 1.387452992101279904e-02
6.169610849563656905e-04 1.387438586339530787e-02
6.169584420687192206e-04 1.387438486434464623e-02
6.169584232846823946e-04 1.387436236745163108e-02
6.169554125819208621e-04 1.387424752179130388e-02
6.168845426721312423e-04 1.387366583979556846e-02
6.168835103214328260e-04 1.387362218503324605e-02
6.168833281165878642e-04 1.387362178402471238e-02
6.168582485764080147e-04 1.387348137044093661e-02
6.168148284987011020e-04 1.387328336217442601e-02
6.168027108343575836e-04 1.387327520849665312e-02
6.166835268700708236e-04 1.387236891335192658e-02
6.166335764112528244e-04 1.387177302035204687e-02
6.165923749925538355e-04 1.387148316399260464e-02
6.165911794510307419e-04 1.387143525691901004e-02
6.165434368919711638e-04 1.387100255510778819e-02
6.162758523104530130e-04 1.386968555163282414e-02
6.161576870411241769e-04 1.386929963480108656e-02
6.161575155352485948e-04 1.386928300999490729e-02
6.161502836288879417e-04 1.386921564605503136e-02
6.161494833158743818e-04 1.386915551025700091e-02
6.160273128167936298e-04 1.386807752062126087e-02
6.160160266743780304e-04 1.386806593354921249e-02
6.159959628492391818e-04 1.386803549874389072e-02
6.159748842284897257e-04 1.386799467679464617e-02
6.158743087833240841e-04 1.386722550163266982e-02
6.157886906216982099e-04 1.386675515134583835e-02
6.157615704491156130e-04 1.386647044400999770e-02
6.157318920488394224e-04 1.386619818793967222e-02
6.154701152436044959e-04 1.386376139464695796e-02
6.154700860447644270e-04 1.386375352226141763e-02
6.154680737368932019e-04 1.386363705279895081e-02
6.154463623857612262e-04 1.386353663270075039e-02
6.152977007773708122e-04 1.386222435219576325e-02
6.152653390460705550e-04 1.386214872418222756e-02
6.152602405349986720e-04 1.386213462865863721e-02
6.152593939269027611e-04 1.386213316872514367e-02
6.152588636616457100e-04 1.386212729967347193e-02
6.150381597701013803e-04 1.386063257902679299e-02
6.147395197425219128e-04 1.385872348011566065e-02
6.147353341476564188e-04 1.385871827923992536e-02
6.147341112921532544e-04 1.385871752002581538e-02
6.147341052114306320e-04 1.385870097820374007e-02
6.147175180719265889e-04 1.385853816257339409e-02
6.146766200343870955e-04 1.385836298226705843e-02
6.145771956355121791e-04 1.385768651553399670e-02
6.144755840842673492e-04 1.385690830299628543e-02
6.144576920634510367e-04 1.385680336358380976e-02
6.144553545517563060e-04 1.385680064516745316e-02
6.144356548212770441e-04 1.385667610161263850e-02
6.143627370342954900e-04 1.385629887126970869e-02
6.143556496779193406e-04 1.385622948578758319e-02
6.142714412831549835e-04 1.385582559080707037e-02
6.142678866413890442e-04 1.385578739008877167e-02
6.142522968980687658e-04 1.385572507976311207e-02
6.142517878954420430e-04 1.385572478203760463e-02
6.142506638822891989e-04 1.385571945950970184e-02
6.142504546218210872e-04 1.385570835915309572e-02
6.141929839675739277e-04 1.385525806755290995e-02
6.141854610890734459e-04 1.385515740138160146e-02
6.141669825191113999e-04 1.385496684351605542e-02
6.141667854354067920e-04 1.385493813439546938e-02
6.141618644017894082e-04 1.385490788354981281e-02
6.141394479726668652e-04 1.385476537561381762e-02
6.140208827119757315e-04 1.385417496072365029e-02
6.139993857903168484e-04 1.385405910799062182e-02
6.139765916394275720e-04 1.385392569394081758e-02
6.139102029134527053e-04 1.385357003487885409e-02
6.139074865716605831e-04 1.385349216484584554e-02
6.139055138853700055e-04 1.385348681231742853e-02
6.139050281490250876e-04 1.385347541119302112e-02
6.138581551413270889e-04 1.385324868423009302e-02
6.138571354933023295e-04 1.385324282193244050e-02
6.138151087158392593e-04 1.385279516343189757e-02
6.138143580914757038e-04 1.385279482980258936e-02
6.137923151684440172e-04 1.385265721948082847e-02
6.137663927027490812e-04 1.385243117743590810e-02
6.137659570358663030e-04 1.385243116038754364e-02
6.137288541014411731e-04 1.385214934244192314e-02
6.137261930891827573e-04 1.385213219683831265e-02
6.136367476700017344e-04 1.385135337289245677e-02
6.135252732874216285e-04 1.385034431927538792e-02
6.135251902973334111e-04 1.385034431795517489e-02
